    5   26   48    1    5     /BORON                 /ECD /GCR-PROJECT     ADF11
--------------------------------------------------------------------------------
  10.00000  10.20000  10.40000  10.60000  10.80000  11.00000  11.20000  11.40000
  11.60000  11.80000  12.00000  12.20000  12.40000  12.60000  12.80000  13.00000
  13.20000  13.40000  13.60000  13.80000  14.00000  14.20000  14.40000  14.60000
  14.80000  15.00000
   0.00000   0.10000   0.20000   0.30000   0.40000   0.50000   0.60000   0.70000
   0.80000   0.90000   1.00000   1.10000   1.20000   1.30000   1.40000   1.50000
   1.60000   1.70000   1.80000   1.90000   2.00000   2.10000   2.20000   2.30000
   2.40000   2.50000   2.60000   2.70000   2.80000   2.90000   3.00000   3.10000
   3.20000   3.30000   3.40000   3.50000   3.60000   3.70000   3.80000   3.90000
   4.00000   4.10000   4.20000   4.30000   4.40000   4.50000   4.60000   4.70000
---------------------/ IGRD= 1  / IPRT= 1  /--------/ Z1= 0   / DATE= 01/02/10  
 0.000E+00 0.000E+00 0.000E+00 0.000E+00 0.000E+00 0.000E+00 0.000E+00 0.000E+00
 0.000E+00 0.000E+00 0.000E+00 0.000E+00 0.000E+00 0.000E+00 0.000E+00 0.000E+00
 0.000E+00 0.000E+00 0.000E+00 0.000E+00 0.000E+00 0.000E+00 0.000E+00 0.000E+00
 0.000E+00 0.000E+00
 0.000E+00 0.000E+00 0.000E+00 0.000E+00 0.000E+00 0.000E+00 0.000E+00 0.000E+00
 0.000E+00 0.000E+00 0.000E+00 0.000E+00 0.000E+00 0.000E+00 0.000E+00 0.000E+00
 0.000E+00 0.000E+00 0.000E+00 0.000E+00 0.000E+00 0.000E+00 0.000E+00 0.000E+00
 0.000E+00 0.000E+00
 0.000E+00 0.000E+00 0.000E+00 0.000E+00 0.000E+00 0.000E+00 0.000E+00 0.000E+00
 0.000E+00 0.000E+00 0.000E+00 0.000E+00 0.000E+00 0.000E+00 0.000E+00 0.000E+00
 0.000E+00 0.000E+00 0.000E+00 0.000E+00 0.000E+00 0.000E+00 0.000E+00 0.000E+00
 0.000E+00 0.000E+00
 0.000E+00 0.000E+00 0.000E+00 0.000E+00 0.000E+00 0.000E+00 0.000E+00 0.000E+00
 0.000E+00 0.000E+00 0.000E+00 0.000E+00 0.000E+00 0.000E+00 0.000E+00 0.000E+00
 0.000E+00 0.000E+00 0.000E+00 0.000E+00 0.000E+00 0.000E+00 0.000E+00 0.000E+00
 0.000E+00 0.000E+00
 0.000E+00 0.000E+00 0.000E+00 0.000E+00 0.000E+00 0.000E+00 0.000E+00 0.000E+00
 0.000E+00 0.000E+00 0.000E+00 0.000E+00 0.000E+00 0.000E+00 0.000E+00 0.000E+00
 0.000E+00 0.000E+00 0.000E+00 0.000E+00 0.000E+00 0.000E+00 0.000E+00 0.000E+00
 0.000E+00 0.000E+00
 0.000E+00 0.000E+00 0.000E+00 0.000E+00 0.000E+00 0.000E+00 0.000E+00 0.000E+00
 0.000E+00 0.000E+00 0.000E+00 0.000E+00 0.000E+00 0.000E+00 0.000E+00 0.000E+00
 0.000E+00 0.000E+00 0.000E+00 0.000E+00 0.000E+00 0.000E+00 0.000E+00 0.000E+00
 0.000E+00 0.000E+00
 0.000E+00 0.000E+00 0.000E+00 0.000E+00 0.000E+00 0.000E+00 0.000E+00 0.000E+00
 0.000E+00 0.000E+00 0.000E+00 0.000E+00 0.000E+00 0.000E+00 0.000E+00 0.000E+00
 0.000E+00 0.000E+00 0.000E+00 0.000E+00 0.000E+00 0.000E+00 0.000E+00 0.000E+00
 0.000E+00 0.000E+00
 0.000E+00 0.000E+00 0.000E+00 0.000E+00 0.000E+00 0.000E+00 0.000E+00 0.000E+00
 0.000E+00 0.000E+00 0.000E+00 0.000E+00 0.000E+00 0.000E+00 0.000E+00 0.000E+00
 0.000E+00 0.000E+00 0.000E+00 0.000E+00 0.000E+00 0.000E+00 0.000E+00 0.000E+00
 0.000E+00 0.000E+00
 0.000E+00 0.000E+00 0.000E+00 0.000E+00 0.000E+00 0.000E+00 0.000E+00 0.000E+00
 0.000E+00 0.000E+00 0.000E+00 0.000E+00 0.000E+00 0.000E+00 0.000E+00 0.000E+00
 0.000E+00 0.000E+00 0.000E+00 0.000E+00 0.000E+00 0.000E+00 0.000E+00 0.000E+00
 0.000E+00 0.000E+00
 0.000E+00 0.000E+00 0.000E+00 0.000E+00 0.000E+00 0.000E+00 0.000E+00 0.000E+00
 0.000E+00 0.000E+00 0.000E+00 0.000E+00 0.000E+00 0.000E+00 0.000E+00 0.000E+00
 0.000E+00 0.000E+00 0.000E+00 0.000E+00 0.000E+00 0.000E+00 0.000E+00 0.000E+00
 0.000E+00 0.000E+00
 0.000E+00 0.000E+00 0.000E+00 0.000E+00 0.000E+00 0.000E+00 0.000E+00 0.000E+00
 0.000E+00 0.000E+00 0.000E+00 0.000E+00 0.000E+00 0.000E+00 0.000E+00 0.000E+00
 0.000E+00 0.000E+00 0.000E+00 0.000E+00 0.000E+00 0.000E+00 0.000E+00 0.000E+00
 0.000E+00 0.000E+00
 0.000E+00 0.000E+00 0.000E+00 0.000E+00 0.000E+00 0.000E+00 0.000E+00 0.000E+00
 0.000E+00 0.000E+00 0.000E+00 0.000E+00 0.000E+00 0.000E+00 0.000E+00 0.000E+00
 0.000E+00 0.000E+00 0.000E+00 0.000E+00 0.000E+00 0.000E+00 0.000E+00 0.000E+00
 0.000E+00 0.000E+00
 0.000E+00 0.000E+00 0.000E+00 0.000E+00 0.000E+00 0.000E+00 0.000E+00 0.000E+00
 0.000E+00 0.000E+00 0.000E+00 0.000E+00 0.000E+00 0.000E+00 0.000E+00 0.000E+00
 0.000E+00 0.000E+00 0.000E+00 0.000E+00 0.000E+00 0.000E+00 0.000E+00 0.000E+00
 0.000E+00 0.000E+00
 0.000E+00 0.000E+00 0.000E+00 0.000E+00 0.000E+00 0.000E+00 0.000E+00 0.000E+00
 0.000E+00 0.000E+00 0.000E+00 0.000E+00 0.000E+00 0.000E+00 0.000E+00 0.000E+00
 0.000E+00 0.000E+00 0.000E+00 0.000E+00 0.000E+00 0.000E+00 0.000E+00 0.000E+00
 0.000E+00 0.000E+00
 0.000E+00 0.000E+00 0.000E+00 0.000E+00 0.000E+00 0.000E+00 0.000E+00 0.000E+00
 0.000E+00 0.000E+00 0.000E+00 0.000E+00 0.000E+00 0.000E+00 0.000E+00 0.000E+00
 0.000E+00 0.000E+00 0.000E+00 0.000E+00 0.000E+00 0.000E+00 0.000E+00 0.000E+00
 0.000E+00 0.000E+00
 0.000E+00 0.000E+00 0.000E+00 0.000E+00 0.000E+00 0.000E+00 0.000E+00 0.000E+00
 0.000E+00 0.000E+00 0.000E+00 0.000E+00 0.000E+00 0.000E+00 0.000E+00 0.000E+00
 0.000E+00 0.000E+00 0.000E+00 0.000E+00 0.000E+00 0.000E+00 0.000E+00 0.000E+00
 0.000E+00 0.000E+00
 0.000E+00 0.000E+00 0.000E+00 0.000E+00 0.000E+00 0.000E+00 0.000E+00 0.000E+00
 0.000E+00 0.000E+00 0.000E+00 0.000E+00 0.000E+00 0.000E+00 0.000E+00 0.000E+00
 0.000E+00 0.000E+00 0.000E+00 0.000E+00 0.000E+00 0.000E+00 0.000E+00 0.000E+00
 0.000E+00 0.000E+00
 0.000E+00 0.000E+00 0.000E+00 0.000E+00 0.000E+00 0.000E+00 0.000E+00 0.000E+00
 0.000E+00 0.000E+00 0.000E+00 0.000E+00 0.000E+00 0.000E+00 0.000E+00 0.000E+00
 0.000E+00 0.000E+00 0.000E+00 0.000E+00 0.000E+00 0.000E+00 0.000E+00 0.000E+00
 0.000E+00 0.000E+00
 0.000E+00 0.000E+00 0.000E+00 0.000E+00 0.000E+00 0.000E+00 0.000E+00 0.000E+00
 0.000E+00 0.000E+00 0.000E+00 0.000E+00 0.000E+00 0.000E+00 0.000E+00 0.000E+00
 0.000E+00 0.000E+00 0.000E+00 0.000E+00 0.000E+00 0.000E+00 0.000E+00 0.000E+00
 0.000E+00 0.000E+00
 0.000E+00 0.000E+00 0.000E+00 0.000E+00 0.000E+00 0.000E+00 0.000E+00 0.000E+00
 0.000E+00 0.000E+00 0.000E+00 0.000E+00 0.000E+00 0.000E+00 0.000E+00 0.000E+00
 0.000E+00 0.000E+00 0.000E+00 0.000E+00 0.000E+00 0.000E+00 0.000E+00 0.000E+00
 0.000E+00 0.000E+00
 0.000E+00 0.000E+00 0.000E+00 0.000E+00 0.000E+00 0.000E+00 0.000E+00 0.000E+00
 0.000E+00 0.000E+00 0.000E+00 0.000E+00 0.000E+00 0.000E+00 0.000E+00 0.000E+00
 0.000E+00 0.000E+00 0.000E+00 0.000E+00 0.000E+00 0.000E+00 0.000E+00 0.000E+00
 0.000E+00 0.000E+00
 0.000E+00 0.000E+00 0.000E+00 0.000E+00 0.000E+00 0.000E+00 0.000E+00 0.000E+00
 0.000E+00 0.000E+00 0.000E+00 0.000E+00 0.000E+00 0.000E+00 0.000E+00 0.000E+00
 0.000E+00 0.000E+00 0.000E+00 0.000E+00 0.000E+00 0.000E+00 0.000E+00 0.000E+00
 0.000E+00 0.000E+00
 0.000E+00 0.000E+00 0.000E+00 0.000E+00 0.000E+00 0.000E+00 0.000E+00 0.000E+00
 0.000E+00 0.000E+00 0.000E+00 0.000E+00 0.000E+00 0.000E+00 0.000E+00 0.000E+00
 0.000E+00 0.000E+00 0.000E+00 0.000E+00 0.000E+00 0.000E+00 0.000E+00 0.000E+00
 0.000E+00 0.000E+00
 0.000E+00 0.000E+00 0.000E+00 0.000E+00 0.000E+00 0.000E+00 0.000E+00 0.000E+00
 0.000E+00 0.000E+00 0.000E+00 0.000E+00 0.000E+00 0.000E+00 0.000E+00 0.000E+00
 0.000E+00 0.000E+00 0.000E+00 0.000E+00 0.000E+00 0.000E+00 0.000E+00 0.000E+00
 0.000E+00 0.000E+00
 0.000E+00 0.000E+00 0.000E+00 0.000E+00 0.000E+00 0.000E+00 0.000E+00 0.000E+00
 0.000E+00 0.000E+00 0.000E+00 0.000E+00 0.000E+00 0.000E+00 0.000E+00 0.000E+00
 0.000E+00 0.000E+00 0.000E+00 0.000E+00 0.000E+00 0.000E+00 0.000E+00 0.000E+00
 0.000E+00 0.000E+00
 0.000E+00 0.000E+00 0.000E+00 0.000E+00 0.000E+00 0.000E+00 0.000E+00 0.000E+00
 0.000E+00 0.000E+00 0.000E+00 0.000E+00 0.000E+00 0.000E+00 0.000E+00 0.000E+00
 0.000E+00 0.000E+00 0.000E+00 0.000E+00 0.000E+00 0.000E+00 0.000E+00 0.000E+00
 0.000E+00 0.000E+00
 0.000E+00 0.000E+00 0.000E+00 0.000E+00 0.000E+00 0.000E+00 0.000E+00 0.000E+00
 0.000E+00 0.000E+00 0.000E+00 0.000E+00 0.000E+00 0.000E+00 0.000E+00 0.000E+00
 0.000E+00 0.000E+00 0.000E+00 0.000E+00 0.000E+00 0.000E+00 0.000E+00 0.000E+00
 0.000E+00 0.000E+00
 0.000E+00 0.000E+00 0.000E+00 0.000E+00 0.000E+00 0.000E+00 0.000E+00 0.000E+00
 0.000E+00 0.000E+00 0.000E+00 0.000E+00 0.000E+00 0.000E+00 0.000E+00 0.000E+00
 0.000E+00 0.000E+00 0.000E+00 0.000E+00 0.000E+00 0.000E+00 0.000E+00 0.000E+00
 0.000E+00 0.000E+00
 0.000E+00 0.000E+00 0.000E+00 0.000E+00 0.000E+00 0.000E+00 0.000E+00 0.000E+00
 0.000E+00 0.000E+00 0.000E+00 0.000E+00 0.000E+00 0.000E+00 0.000E+00 0.000E+00
 0.000E+00 0.000E+00 0.000E+00 0.000E+00 0.000E+00 0.000E+00 0.000E+00 0.000E+00
 0.000E+00 0.000E+00
 0.000E+00 0.000E+00 0.000E+00 0.000E+00 0.000E+00 0.000E+00 0.000E+00 0.000E+00
 0.000E+00 0.000E+00 0.000E+00 0.000E+00 0.000E+00 0.000E+00 0.000E+00 0.000E+00
 0.000E+00 0.000E+00 0.000E+00 0.000E+00 0.000E+00 0.000E+00 0.000E+00 0.000E+00
 0.000E+00 0.000E+00
 0.000E+00 0.000E+00 0.000E+00 0.000E+00 0.000E+00 0.000E+00 0.000E+00 0.000E+00
 0.000E+00 0.000E+00 0.000E+00 0.000E+00 0.000E+00 0.000E+00 0.000E+00 0.000E+00
 0.000E+00 0.000E+00 0.000E+00 0.000E+00 0.000E+00 0.000E+00 0.000E+00 0.000E+00
 0.000E+00 0.000E+00
 0.000E+00 0.000E+00 0.000E+00 0.000E+00 0.000E+00 0.000E+00 0.000E+00 0.000E+00
 0.000E+00 0.000E+00 0.000E+00 0.000E+00 0.000E+00 0.000E+00 0.000E+00 0.000E+00
 0.000E+00 0.000E+00 0.000E+00 0.000E+00 0.000E+00 0.000E+00 0.000E+00 0.000E+00
 0.000E+00 0.000E+00
 0.000E+00 0.000E+00 0.000E+00 0.000E+00 0.000E+00 0.000E+00 0.000E+00 0.000E+00
 0.000E+00 0.000E+00 0.000E+00 0.000E+00 0.000E+00 0.000E+00 0.000E+00 0.000E+00
 0.000E+00 0.000E+00 0.000E+00 0.000E+00 0.000E+00 0.000E+00 0.000E+00 0.000E+00
 0.000E+00 0.000E+00
 0.000E+00 0.000E+00 0.000E+00 0.000E+00 0.000E+00 0.000E+00 0.000E+00 0.000E+00
 0.000E+00 0.000E+00 0.000E+00 0.000E+00 0.000E+00 0.000E+00 0.000E+00 0.000E+00
 0.000E+00 0.000E+00 0.000E+00 0.000E+00 0.000E+00 0.000E+00 0.000E+00 0.000E+00
 0.000E+00 0.000E+00
 0.000E+00 0.000E+00 0.000E+00 0.000E+00 0.000E+00 0.000E+00 0.000E+00 0.000E+00
 0.000E+00 0.000E+00 0.000E+00 0.000E+00 0.000E+00 0.000E+00 0.000E+00 0.000E+00
 0.000E+00 0.000E+00 0.000E+00 0.000E+00 0.000E+00 0.000E+00 0.000E+00 0.000E+00
 0.000E+00 0.000E+00
 0.000E+00 0.000E+00 0.000E+00 0.000E+00 0.000E+00 0.000E+00 0.000E+00 0.000E+00
 0.000E+00 0.000E+00 0.000E+00 0.000E+00 0.000E+00 0.000E+00 0.000E+00 0.000E+00
 0.000E+00 0.000E+00 0.000E+00 0.000E+00 0.000E+00 0.000E+00 0.000E+00 0.000E+00
 0.000E+00 0.000E+00
 0.000E+00 0.000E+00 0.000E+00 0.000E+00 0.000E+00 0.000E+00 0.000E+00 0.000E+00
 0.000E+00 0.000E+00 0.000E+00 0.000E+00 0.000E+00 0.000E+00 0.000E+00 0.000E+00
 0.000E+00 0.000E+00 0.000E+00 0.000E+00 0.000E+00 0.000E+00 0.000E+00 0.000E+00
 0.000E+00 0.000E+00
 0.000E+00 0.000E+00 0.000E+00 0.000E+00 0.000E+00 0.000E+00 0.000E+00 0.000E+00
 0.000E+00 0.000E+00 0.000E+00 0.000E+00 0.000E+00 0.000E+00 0.000E+00 0.000E+00
 0.000E+00 0.000E+00 0.000E+00 0.000E+00 0.000E+00 0.000E+00 0.000E+00 0.000E+00
 0.000E+00 0.000E+00
 0.000E+00 0.000E+00 0.000E+00 0.000E+00 0.000E+00 0.000E+00 0.000E+00 0.000E+00
 0.000E+00 0.000E+00 0.000E+00 0.000E+00 0.000E+00 0.000E+00 0.000E+00 0.000E+00
 0.000E+00 0.000E+00 0.000E+00 0.000E+00 0.000E+00 0.000E+00 0.000E+00 0.000E+00
 0.000E+00 0.000E+00
 0.000E+00 0.000E+00 0.000E+00 0.000E+00 0.000E+00 0.000E+00 0.000E+00 0.000E+00
 0.000E+00 0.000E+00 0.000E+00 0.000E+00 0.000E+00 0.000E+00 0.000E+00 0.000E+00
 0.000E+00 0.000E+00 0.000E+00 0.000E+00 0.000E+00 0.000E+00 0.000E+00 0.000E+00
 0.000E+00 0.000E+00
 0.000E+00 0.000E+00 0.000E+00 0.000E+00 0.000E+00 0.000E+00 0.000E+00 0.000E+00
 0.000E+00 0.000E+00 0.000E+00 0.000E+00 0.000E+00 0.000E+00 0.000E+00 0.000E+00
 0.000E+00 0.000E+00 0.000E+00 0.000E+00 0.000E+00 0.000E+00 0.000E+00 0.000E+00
 0.000E+00 0.000E+00
 0.000E+00 0.000E+00 0.000E+00 0.000E+00 0.000E+00 0.000E+00 0.000E+00 0.000E+00
 0.000E+00 0.000E+00 0.000E+00 0.000E+00 0.000E+00 0.000E+00 0.000E+00 0.000E+00
 0.000E+00 0.000E+00 0.000E+00 0.000E+00 0.000E+00 0.000E+00 0.000E+00 0.000E+00
 0.000E+00 0.000E+00
 0.000E+00 0.000E+00 0.000E+00 0.000E+00 0.000E+00 0.000E+00 0.000E+00 0.000E+00
 0.000E+00 0.000E+00 0.000E+00 0.000E+00 0.000E+00 0.000E+00 0.000E+00 0.000E+00
 0.000E+00 0.000E+00 0.000E+00 0.000E+00 0.000E+00 0.000E+00 0.000E+00 0.000E+00
 0.000E+00 0.000E+00
 0.000E+00 0.000E+00 0.000E+00 0.000E+00 0.000E+00 0.000E+00 0.000E+00 0.000E+00
 0.000E+00 0.000E+00 0.000E+00 0.000E+00 0.000E+00 0.000E+00 0.000E+00 0.000E+00
 0.000E+00 0.000E+00 0.000E+00 0.000E+00 0.000E+00 0.000E+00 0.000E+00 0.000E+00
 0.000E+00 0.000E+00
 0.000E+00 0.000E+00 0.000E+00 0.000E+00 0.000E+00 0.000E+00 0.000E+00 0.000E+00
 0.000E+00 0.000E+00 0.000E+00 0.000E+00 0.000E+00 0.000E+00 0.000E+00 0.000E+00
 0.000E+00 0.000E+00 0.000E+00 0.000E+00 0.000E+00 0.000E+00 0.000E+00 0.000E+00
 0.000E+00 0.000E+00
 0.000E+00 0.000E+00 0.000E+00 0.000E+00 0.000E+00 0.000E+00 0.000E+00 0.000E+00
 0.000E+00 0.000E+00 0.000E+00 0.000E+00 0.000E+00 0.000E+00 0.000E+00 0.000E+00
 0.000E+00 0.000E+00 0.000E+00 0.000E+00 0.000E+00 0.000E+00 0.000E+00 0.000E+00
 0.000E+00 0.000E+00
 0.000E+00 0.000E+00 0.000E+00 0.000E+00 0.000E+00 0.000E+00 0.000E+00 0.000E+00
 0.000E+00 0.000E+00 0.000E+00 0.000E+00 0.000E+00 0.000E+00 0.000E+00 0.000E+00
 0.000E+00 0.000E+00 0.000E+00 0.000E+00 0.000E+00 0.000E+00 0.000E+00 0.000E+00
 0.000E+00 0.000E+00
 0.000E+00 0.000E+00 0.000E+00 0.000E+00 0.000E+00 0.000E+00 0.000E+00 0.000E+00
 0.000E+00 0.000E+00 0.000E+00 0.000E+00 0.000E+00 0.000E+00 0.000E+00 0.000E+00
 0.000E+00 0.000E+00 0.000E+00 0.000E+00 0.000E+00 0.000E+00 0.000E+00 0.000E+00
 0.000E+00 0.000E+00
---------------------/ IGRD= 1  / IPRT= 1  /--------/ Z1= 1   / DATE= 01/02/10  
 8.298E+00 8.298E+00 8.298E+00 8.298E+00 8.298E+00 8.298E+00 8.298E+00 8.298E+00
 8.298E+00 8.298E+00 8.298E+00 8.298E+00 8.298E+00 8.298E+00 8.298E+00 8.298E+00
 8.298E+00 8.298E+00 8.298E+00 8.298E+00 8.298E+00 8.298E+00 8.298E+00 8.298E+00
 8.298E+00 8.298E+00
 8.298E+00 8.298E+00 8.298E+00 8.298E+00 8.298E+00 8.298E+00 8.298E+00 8.298E+00
 8.298E+00 8.298E+00 8.298E+00 8.298E+00 8.298E+00 8.298E+00 8.298E+00 8.298E+00
 8.298E+00 8.298E+00 8.298E+00 8.298E+00 8.298E+00 8.298E+00 8.298E+00 8.298E+00
 8.298E+00 8.298E+00
 8.298E+00 8.298E+00 8.298E+00 8.298E+00 8.298E+00 8.298E+00 8.298E+00 8.298E+00
 8.298E+00 8.298E+00 8.298E+00 8.298E+00 8.298E+00 8.298E+00 8.298E+00 8.298E+00
 8.298E+00 8.298E+00 8.298E+00 8.298E+00 8.298E+00 8.298E+00 8.298E+00 8.298E+00
 8.298E+00 8.298E+00
 8.298E+00 8.298E+00 8.298E+00 8.298E+00 8.298E+00 8.298E+00 8.298E+00 8.298E+00
 8.298E+00 8.298E+00 8.298E+00 8.298E+00 8.298E+00 8.298E+00 8.298E+00 8.298E+00
 8.298E+00 8.298E+00 8.298E+00 8.298E+00 8.298E+00 8.298E+00 8.298E+00 8.298E+00
 8.298E+00 8.298E+00
 8.298E+00 8.298E+00 8.298E+00 8.298E+00 8.298E+00 8.298E+00 8.298E+00 8.298E+00
 8.298E+00 8.298E+00 8.298E+00 8.298E+00 8.298E+00 8.298E+00 8.298E+00 8.298E+00
 8.298E+00 8.298E+00 8.298E+00 8.298E+00 8.298E+00 8.298E+00 8.298E+00 8.298E+00
 8.298E+00 8.298E+00
 8.298E+00 8.298E+00 8.298E+00 8.298E+00 8.298E+00 8.298E+00 8.298E+00 8.298E+00
 8.298E+00 8.298E+00 8.298E+00 8.298E+00 8.298E+00 8.298E+00 8.298E+00 8.298E+00
 8.298E+00 8.298E+00 8.298E+00 8.298E+00 8.298E+00 8.298E+00 8.298E+00 8.298E+00
 8.298E+00 8.298E+00
 8.298E+00 8.298E+00 8.298E+00 8.298E+00 8.298E+00 8.298E+00 8.298E+00 8.298E+00
 8.298E+00 8.298E+00 8.298E+00 8.298E+00 8.298E+00 8.298E+00 8.298E+00 8.298E+00
 8.298E+00 8.298E+00 8.298E+00 8.298E+00 8.298E+00 8.298E+00 8.298E+00 8.298E+00
 8.298E+00 8.298E+00
 8.298E+00 8.298E+00 8.298E+00 8.298E+00 8.298E+00 8.298E+00 8.298E+00 8.298E+00
 8.298E+00 8.298E+00 8.298E+00 8.298E+00 8.298E+00 8.298E+00 8.298E+00 8.298E+00
 8.298E+00 8.298E+00 8.298E+00 8.298E+00 8.298E+00 8.298E+00 8.298E+00 8.298E+00
 8.298E+00 8.298E+00
 8.298E+00 8.298E+00 8.298E+00 8.298E+00 8.298E+00 8.298E+00 8.298E+00 8.298E+00
 8.298E+00 8.298E+00 8.298E+00 8.298E+00 8.298E+00 8.298E+00 8.298E+00 8.298E+00
 8.298E+00 8.298E+00 8.298E+00 8.298E+00 8.298E+00 8.298E+00 8.298E+00 8.298E+00
 8.298E+00 8.298E+00
 8.298E+00 8.298E+00 8.298E+00 8.298E+00 8.298E+00 8.298E+00 8.298E+00 8.298E+00
 8.298E+00 8.298E+00 8.298E+00 8.298E+00 8.298E+00 8.298E+00 8.298E+00 8.298E+00
 8.298E+00 8.298E+00 8.298E+00 8.298E+00 8.298E+00 8.298E+00 8.298E+00 8.298E+00
 8.298E+00 8.298E+00
 8.298E+00 8.298E+00 8.298E+00 8.298E+00 8.298E+00 8.298E+00 8.298E+00 8.298E+00
 8.298E+00 8.298E+00 8.298E+00 8.298E+00 8.298E+00 8.298E+00 8.298E+00 8.298E+00
 8.298E+00 8.298E+00 8.298E+00 8.298E+00 8.298E+00 8.298E+00 8.298E+00 8.298E+00
 8.298E+00 8.298E+00
 8.298E+00 8.298E+00 8.298E+00 8.298E+00 8.298E+00 8.298E+00 8.298E+00 8.298E+00
 8.298E+00 8.298E+00 8.298E+00 8.298E+00 8.298E+00 8.298E+00 8.298E+00 8.298E+00
 8.298E+00 8.298E+00 8.298E+00 8.298E+00 8.298E+00 8.298E+00 8.298E+00 8.298E+00
 8.298E+00 8.298E+00
 8.298E+00 8.298E+00 8.298E+00 8.298E+00 8.298E+00 8.298E+00 8.298E+00 8.298E+00
 8.298E+00 8.298E+00 8.298E+00 8.298E+00 8.298E+00 8.298E+00 8.298E+00 8.298E+00
 8.298E+00 8.298E+00 8.298E+00 8.298E+00 8.298E+00 8.298E+00 8.298E+00 8.298E+00
 8.298E+00 8.298E+00
 8.298E+00 8.298E+00 8.298E+00 8.298E+00 8.298E+00 8.298E+00 8.298E+00 8.298E+00
 8.298E+00 8.298E+00 8.298E+00 8.298E+00 8.298E+00 8.298E+00 8.298E+00 8.298E+00
 8.298E+00 8.298E+00 8.298E+00 8.298E+00 8.298E+00 8.298E+00 8.298E+00 8.298E+00
 8.298E+00 8.298E+00
 8.298E+00 8.298E+00 8.298E+00 8.298E+00 8.298E+00 8.298E+00 8.298E+00 8.298E+00
 8.298E+00 8.298E+00 8.298E+00 8.298E+00 8.298E+00 8.298E+00 8.298E+00 8.298E+00
 8.298E+00 8.298E+00 8.298E+00 8.298E+00 8.298E+00 8.298E+00 8.298E+00 8.298E+00
 8.298E+00 8.298E+00
 8.298E+00 8.298E+00 8.298E+00 8.298E+00 8.298E+00 8.298E+00 8.298E+00 8.298E+00
 8.298E+00 8.298E+00 8.298E+00 8.298E+00 8.298E+00 8.298E+00 8.298E+00 8.298E+00
 8.298E+00 8.298E+00 8.298E+00 8.298E+00 8.298E+00 8.298E+00 8.298E+00 8.298E+00
 8.298E+00 8.298E+00
 8.298E+00 8.298E+00 8.298E+00 8.298E+00 8.298E+00 8.298E+00 8.298E+00 8.298E+00
 8.298E+00 8.298E+00 8.298E+00 8.298E+00 8.298E+00 8.298E+00 8.298E+00 8.298E+00
 8.298E+00 8.298E+00 8.298E+00 8.298E+00 8.298E+00 8.298E+00 8.298E+00 8.298E+00
 8.298E+00 8.298E+00
 8.298E+00 8.298E+00 8.298E+00 8.298E+00 8.298E+00 8.298E+00 8.298E+00 8.298E+00
 8.298E+00 8.298E+00 8.298E+00 8.298E+00 8.298E+00 8.298E+00 8.298E+00 8.298E+00
 8.298E+00 8.298E+00 8.298E+00 8.298E+00 8.298E+00 8.298E+00 8.298E+00 8.298E+00
 8.298E+00 8.298E+00
 8.298E+00 8.298E+00 8.298E+00 8.298E+00 8.298E+00 8.298E+00 8.298E+00 8.298E+00
 8.298E+00 8.298E+00 8.298E+00 8.298E+00 8.298E+00 8.298E+00 8.298E+00 8.298E+00
 8.298E+00 8.298E+00 8.298E+00 8.298E+00 8.298E+00 8.298E+00 8.298E+00 8.298E+00
 8.298E+00 8.298E+00
 8.298E+00 8.298E+00 8.298E+00 8.298E+00 8.298E+00 8.298E+00 8.298E+00 8.298E+00
 8.298E+00 8.298E+00 8.298E+00 8.298E+00 8.298E+00 8.298E+00 8.298E+00 8.298E+00
 8.298E+00 8.298E+00 8.298E+00 8.298E+00 8.298E+00 8.298E+00 8.298E+00 8.298E+00
 8.298E+00 8.298E+00
 8.298E+00 8.298E+00 8.298E+00 8.298E+00 8.298E+00 8.298E+00 8.298E+00 8.298E+00
 8.298E+00 8.298E+00 8.298E+00 8.298E+00 8.298E+00 8.298E+00 8.298E+00 8.298E+00
 8.298E+00 8.298E+00 8.298E+00 8.298E+00 8.298E+00 8.298E+00 8.298E+00 8.298E+00
 8.298E+00 8.298E+00
 8.298E+00 8.298E+00 8.298E+00 8.298E+00 8.298E+00 8.298E+00 8.298E+00 8.298E+00
 8.298E+00 8.298E+00 8.298E+00 8.298E+00 8.298E+00 8.298E+00 8.298E+00 8.298E+00
 8.298E+00 8.298E+00 8.298E+00 8.298E+00 8.298E+00 8.298E+00 8.298E+00 8.298E+00
 8.298E+00 8.298E+00
 8.298E+00 8.298E+00 8.298E+00 8.298E+00 8.298E+00 8.298E+00 8.298E+00 8.298E+00
 8.298E+00 8.298E+00 8.298E+00 8.298E+00 8.298E+00 8.298E+00 8.298E+00 8.298E+00
 8.298E+00 8.298E+00 8.298E+00 8.298E+00 8.298E+00 8.298E+00 8.298E+00 8.298E+00
 8.298E+00 8.298E+00
 8.298E+00 8.298E+00 8.298E+00 8.298E+00 8.298E+00 8.298E+00 8.298E+00 8.298E+00
 8.298E+00 8.298E+00 8.298E+00 8.298E+00 8.298E+00 8.298E+00 8.298E+00 8.298E+00
 8.298E+00 8.298E+00 8.298E+00 8.298E+00 8.298E+00 8.298E+00 8.298E+00 8.298E+00
 8.298E+00 8.298E+00
 8.298E+00 8.298E+00 8.298E+00 8.298E+00 8.298E+00 8.298E+00 8.298E+00 8.298E+00
 8.298E+00 8.298E+00 8.298E+00 8.298E+00 8.298E+00 8.298E+00 8.298E+00 8.298E+00
 8.298E+00 8.298E+00 8.298E+00 8.298E+00 8.298E+00 8.298E+00 8.298E+00 8.298E+00
 8.298E+00 8.298E+00
 8.298E+00 8.298E+00 8.298E+00 8.298E+00 8.298E+00 8.298E+00 8.298E+00 8.298E+00
 8.298E+00 8.298E+00 8.298E+00 8.298E+00 8.298E+00 8.298E+00 8.298E+00 8.298E+00
 8.298E+00 8.298E+00 8.298E+00 8.298E+00 8.298E+00 8.298E+00 8.298E+00 8.298E+00
 8.298E+00 8.298E+00
 8.298E+00 8.298E+00 8.298E+00 8.298E+00 8.298E+00 8.298E+00 8.298E+00 8.298E+00
 8.298E+00 8.298E+00 8.298E+00 8.298E+00 8.298E+00 8.298E+00 8.298E+00 8.298E+00
 8.298E+00 8.298E+00 8.298E+00 8.298E+00 8.298E+00 8.298E+00 8.298E+00 8.298E+00
 8.298E+00 8.298E+00
 8.298E+00 8.298E+00 8.298E+00 8.298E+00 8.298E+00 8.298E+00 8.298E+00 8.298E+00
 8.298E+00 8.298E+00 8.298E+00 8.298E+00 8.298E+00 8.298E+00 8.298E+00 8.298E+00
 8.298E+00 8.298E+00 8.298E+00 8.298E+00 8.298E+00 8.298E+00 8.298E+00 8.298E+00
 8.298E+00 8.298E+00
 8.298E+00 8.298E+00 8.298E+00 8.298E+00 8.298E+00 8.298E+00 8.298E+00 8.298E+00
 8.298E+00 8.298E+00 8.298E+00 8.298E+00 8.298E+00 8.298E+00 8.298E+00 8.298E+00
 8.298E+00 8.298E+00 8.298E+00 8.298E+00 8.298E+00 8.298E+00 8.298E+00 8.298E+00
 8.298E+00 8.298E+00
 8.298E+00 8.298E+00 8.298E+00 8.298E+00 8.298E+00 8.298E+00 8.298E+00 8.298E+00
 8.298E+00 8.298E+00 8.298E+00 8.298E+00 8.298E+00 8.298E+00 8.298E+00 8.298E+00
 8.298E+00 8.298E+00 8.298E+00 8.298E+00 8.298E+00 8.298E+00 8.298E+00 8.298E+00
 8.298E+00 8.298E+00
 8.298E+00 8.298E+00 8.298E+00 8.298E+00 8.298E+00 8.298E+00 8.298E+00 8.298E+00
 8.298E+00 8.298E+00 8.298E+00 8.298E+00 8.298E+00 8.298E+00 8.298E+00 8.298E+00
 8.298E+00 8.298E+00 8.298E+00 8.298E+00 8.298E+00 8.298E+00 8.298E+00 8.298E+00
 8.298E+00 8.298E+00
 8.298E+00 8.298E+00 8.298E+00 8.298E+00 8.298E+00 8.298E+00 8.298E+00 8.298E+00
 8.298E+00 8.298E+00 8.298E+00 8.298E+00 8.298E+00 8.298E+00 8.298E+00 8.298E+00
 8.298E+00 8.298E+00 8.298E+00 8.298E+00 8.298E+00 8.298E+00 8.298E+00 8.298E+00
 8.298E+00 8.298E+00
 8.298E+00 8.298E+00 8.298E+00 8.298E+00 8.298E+00 8.298E+00 8.298E+00 8.298E+00
 8.298E+00 8.298E+00 8.298E+00 8.298E+00 8.298E+00 8.298E+00 8.298E+00 8.298E+00
 8.298E+00 8.298E+00 8.298E+00 8.298E+00 8.298E+00 8.298E+00 8.298E+00 8.298E+00
 8.298E+00 8.298E+00
 8.298E+00 8.298E+00 8.298E+00 8.298E+00 8.298E+00 8.298E+00 8.298E+00 8.298E+00
 8.298E+00 8.298E+00 8.298E+00 8.298E+00 8.298E+00 8.298E+00 8.298E+00 8.298E+00
 8.298E+00 8.298E+00 8.298E+00 8.298E+00 8.298E+00 8.298E+00 8.298E+00 8.298E+00
 8.298E+00 8.298E+00
 8.298E+00 8.298E+00 8.298E+00 8.298E+00 8.298E+00 8.298E+00 8.298E+00 8.298E+00
 8.298E+00 8.298E+00 8.298E+00 8.298E+00 8.298E+00 8.298E+00 8.298E+00 8.298E+00
 8.298E+00 8.298E+00 8.298E+00 8.298E+00 8.298E+00 8.298E+00 8.298E+00 8.298E+00
 8.298E+00 8.298E+00
 8.298E+00 8.298E+00 8.298E+00 8.298E+00 8.298E+00 8.298E+00 8.298E+00 8.298E+00
 8.298E+00 8.298E+00 8.298E+00 8.298E+00 8.298E+00 8.298E+00 8.298E+00 8.298E+00
 8.298E+00 8.298E+00 8.298E+00 8.298E+00 8.298E+00 8.298E+00 8.298E+00 8.298E+00
 8.298E+00 8.298E+00
 8.298E+00 8.298E+00 8.298E+00 8.298E+00 8.298E+00 8.298E+00 8.298E+00 8.298E+00
 8.298E+00 8.298E+00 8.298E+00 8.298E+00 8.298E+00 8.298E+00 8.298E+00 8.298E+00
 8.298E+00 8.298E+00 8.298E+00 8.298E+00 8.298E+00 8.298E+00 8.298E+00 8.298E+00
 8.298E+00 8.298E+00
 8.298E+00 8.298E+00 8.298E+00 8.298E+00 8.298E+00 8.298E+00 8.298E+00 8.298E+00
 8.298E+00 8.298E+00 8.298E+00 8.298E+00 8.298E+00 8.298E+00 8.298E+00 8.298E+00
 8.298E+00 8.298E+00 8.298E+00 8.298E+00 8.298E+00 8.298E+00 8.298E+00 8.298E+00
 8.298E+00 8.298E+00
 8.298E+00 8.298E+00 8.298E+00 8.298E+00 8.298E+00 8.298E+00 8.298E+00 8.298E+00
 8.298E+00 8.298E+00 8.298E+00 8.298E+00 8.298E+00 8.298E+00 8.298E+00 8.298E+00
 8.298E+00 8.298E+00 8.298E+00 8.298E+00 8.298E+00 8.298E+00 8.298E+00 8.298E+00
 8.298E+00 8.298E+00
 8.298E+00 8.298E+00 8.298E+00 8.298E+00 8.298E+00 8.298E+00 8.298E+00 8.298E+00
 8.298E+00 8.298E+00 8.298E+00 8.298E+00 8.298E+00 8.298E+00 8.298E+00 8.298E+00
 8.298E+00 8.298E+00 8.298E+00 8.298E+00 8.298E+00 8.298E+00 8.298E+00 8.298E+00
 8.298E+00 8.298E+00
 8.298E+00 8.298E+00 8.298E+00 8.298E+00 8.298E+00 8.298E+00 8.298E+00 8.298E+00
 8.298E+00 8.298E+00 8.298E+00 8.298E+00 8.298E+00 8.298E+00 8.298E+00 8.298E+00
 8.298E+00 8.298E+00 8.298E+00 8.298E+00 8.298E+00 8.298E+00 8.298E+00 8.298E+00
 8.298E+00 8.298E+00
 8.298E+00 8.298E+00 8.298E+00 8.298E+00 8.298E+00 8.298E+00 8.298E+00 8.298E+00
 8.298E+00 8.298E+00 8.298E+00 8.298E+00 8.298E+00 8.298E+00 8.298E+00 8.298E+00
 8.298E+00 8.298E+00 8.298E+00 8.298E+00 8.298E+00 8.298E+00 8.298E+00 8.298E+00
 8.298E+00 8.298E+00
 8.298E+00 8.298E+00 8.298E+00 8.298E+00 8.298E+00 8.298E+00 8.298E+00 8.298E+00
 8.298E+00 8.298E+00 8.298E+00 8.298E+00 8.298E+00 8.298E+00 8.298E+00 8.298E+00
 8.298E+00 8.298E+00 8.298E+00 8.298E+00 8.298E+00 8.298E+00 8.298E+00 8.298E+00
 8.298E+00 8.298E+00
 8.298E+00 8.298E+00 8.298E+00 8.298E+00 8.298E+00 8.298E+00 8.298E+00 8.298E+00
 8.298E+00 8.298E+00 8.298E+00 8.298E+00 8.298E+00 8.298E+00 8.298E+00 8.298E+00
 8.298E+00 8.298E+00 8.298E+00 8.298E+00 8.298E+00 8.298E+00 8.298E+00 8.298E+00
 8.298E+00 8.298E+00
 8.298E+00 8.298E+00 8.298E+00 8.298E+00 8.298E+00 8.298E+00 8.298E+00 8.298E+00
 8.298E+00 8.298E+00 8.298E+00 8.298E+00 8.298E+00 8.298E+00 8.298E+00 8.298E+00
 8.298E+00 8.298E+00 8.298E+00 8.298E+00 8.298E+00 8.298E+00 8.298E+00 8.298E+00
 8.298E+00 8.298E+00
 8.298E+00 8.298E+00 8.298E+00 8.298E+00 8.298E+00 8.298E+00 8.298E+00 8.298E+00
 8.298E+00 8.298E+00 8.298E+00 8.298E+00 8.298E+00 8.298E+00 8.298E+00 8.298E+00
 8.298E+00 8.298E+00 8.298E+00 8.298E+00 8.298E+00 8.298E+00 8.298E+00 8.298E+00
 8.298E+00 8.298E+00
 8.298E+00 8.298E+00 8.298E+00 8.298E+00 8.298E+00 8.298E+00 8.298E+00 8.298E+00
 8.298E+00 8.298E+00 8.298E+00 8.298E+00 8.298E+00 8.298E+00 8.298E+00 8.298E+00
 8.298E+00 8.298E+00 8.298E+00 8.298E+00 8.298E+00 8.298E+00 8.298E+00 8.298E+00
 8.298E+00 8.298E+00
 8.298E+00 8.298E+00 8.298E+00 8.298E+00 8.298E+00 8.298E+00 8.298E+00 8.298E+00
 8.298E+00 8.298E+00 8.298E+00 8.298E+00 8.298E+00 8.298E+00 8.298E+00 8.298E+00
 8.298E+00 8.298E+00 8.298E+00 8.298E+00 8.298E+00 8.298E+00 8.298E+00 8.298E+00
 8.298E+00 8.298E+00
---------------------/ IGRD= 1  / IPRT= 1  /--------/ Z1= 2   / DATE= 01/02/10  
 2.516E+01 2.516E+01 2.516E+01 2.516E+01 2.516E+01 2.516E+01 2.516E+01 2.516E+01
 2.516E+01 2.516E+01 2.516E+01 2.516E+01 2.516E+01 2.516E+01 2.516E+01 2.516E+01
 2.516E+01 2.516E+01 2.516E+01 2.516E+01 2.516E+01 2.516E+01 2.516E+01 2.516E+01
 2.516E+01 2.516E+01
 2.516E+01 2.516E+01 2.516E+01 2.516E+01 2.516E+01 2.516E+01 2.516E+01 2.516E+01
 2.516E+01 2.516E+01 2.516E+01 2.516E+01 2.516E+01 2.516E+01 2.516E+01 2.516E+01
 2.516E+01 2.516E+01 2.516E+01 2.516E+01 2.516E+01 2.516E+01 2.516E+01 2.516E+01
 2.516E+01 2.516E+01
 2.516E+01 2.516E+01 2.516E+01 2.516E+01 2.516E+01 2.516E+01 2.516E+01 2.516E+01
 2.516E+01 2.516E+01 2.516E+01 2.516E+01 2.516E+01 2.516E+01 2.516E+01 2.516E+01
 2.516E+01 2.516E+01 2.516E+01 2.516E+01 2.516E+01 2.516E+01 2.516E+01 2.516E+01
 2.516E+01 2.516E+01
 2.516E+01 2.516E+01 2.516E+01 2.516E+01 2.516E+01 2.516E+01 2.516E+01 2.516E+01
 2.516E+01 2.516E+01 2.516E+01 2.516E+01 2.516E+01 2.516E+01 2.516E+01 2.516E+01
 2.516E+01 2.516E+01 2.516E+01 2.516E+01 2.516E+01 2.516E+01 2.516E+01 2.516E+01
 2.516E+01 2.516E+01
 2.516E+01 2.516E+01 2.516E+01 2.516E+01 2.516E+01 2.516E+01 2.516E+01 2.516E+01
 2.516E+01 2.516E+01 2.516E+01 2.516E+01 2.516E+01 2.516E+01 2.516E+01 2.516E+01
 2.516E+01 2.516E+01 2.516E+01 2.516E+01 2.516E+01 2.516E+01 2.516E+01 2.516E+01
 2.516E+01 2.516E+01
 2.516E+01 2.516E+01 2.516E+01 2.516E+01 2.516E+01 2.516E+01 2.516E+01 2.516E+01
 2.516E+01 2.516E+01 2.516E+01 2.516E+01 2.516E+01 2.516E+01 2.516E+01 2.516E+01
 2.516E+01 2.516E+01 2.516E+01 2.516E+01 2.516E+01 2.516E+01 2.516E+01 2.516E+01
 2.516E+01 2.516E+01
 2.516E+01 2.516E+01 2.516E+01 2.516E+01 2.516E+01 2.516E+01 2.516E+01 2.516E+01
 2.516E+01 2.516E+01 2.516E+01 2.516E+01 2.516E+01 2.516E+01 2.516E+01 2.516E+01
 2.516E+01 2.516E+01 2.516E+01 2.516E+01 2.516E+01 2.516E+01 2.516E+01 2.516E+01
 2.516E+01 2.516E+01
 2.516E+01 2.516E+01 2.516E+01 2.516E+01 2.516E+01 2.516E+01 2.516E+01 2.516E+01
 2.516E+01 2.516E+01 2.516E+01 2.516E+01 2.516E+01 2.516E+01 2.516E+01 2.516E+01
 2.516E+01 2.516E+01 2.516E+01 2.516E+01 2.516E+01 2.516E+01 2.516E+01 2.516E+01
 2.516E+01 2.516E+01
 2.516E+01 2.516E+01 2.516E+01 2.516E+01 2.516E+01 2.516E+01 2.516E+01 2.516E+01
 2.516E+01 2.516E+01 2.516E+01 2.516E+01 2.516E+01 2.516E+01 2.516E+01 2.516E+01
 2.516E+01 2.516E+01 2.516E+01 2.516E+01 2.516E+01 2.516E+01 2.516E+01 2.516E+01
 2.516E+01 2.516E+01
 2.516E+01 2.516E+01 2.516E+01 2.516E+01 2.516E+01 2.516E+01 2.516E+01 2.516E+01
 2.516E+01 2.516E+01 2.516E+01 2.516E+01 2.516E+01 2.516E+01 2.516E+01 2.516E+01
 2.516E+01 2.516E+01 2.516E+01 2.516E+01 2.516E+01 2.516E+01 2.516E+01 2.516E+01
 2.516E+01 2.516E+01
 2.516E+01 2.516E+01 2.516E+01 2.516E+01 2.516E+01 2.516E+01 2.516E+01 2.516E+01
 2.516E+01 2.516E+01 2.516E+01 2.516E+01 2.516E+01 2.516E+01 2.516E+01 2.516E+01
 2.516E+01 2.516E+01 2.516E+01 2.516E+01 2.516E+01 2.516E+01 2.516E+01 2.516E+01
 2.516E+01 2.516E+01
 2.516E+01 2.516E+01 2.516E+01 2.516E+01 2.516E+01 2.516E+01 2.516E+01 2.516E+01
 2.516E+01 2.516E+01 2.516E+01 2.516E+01 2.516E+01 2.516E+01 2.516E+01 2.516E+01
 2.516E+01 2.516E+01 2.516E+01 2.516E+01 2.516E+01 2.516E+01 2.516E+01 2.516E+01
 2.516E+01 2.516E+01
 2.516E+01 2.516E+01 2.516E+01 2.516E+01 2.516E+01 2.516E+01 2.516E+01 2.516E+01
 2.516E+01 2.516E+01 2.516E+01 2.516E+01 2.516E+01 2.516E+01 2.516E+01 2.516E+01
 2.516E+01 2.516E+01 2.516E+01 2.516E+01 2.516E+01 2.516E+01 2.516E+01 2.516E+01
 2.516E+01 2.516E+01
 2.516E+01 2.516E+01 2.516E+01 2.516E+01 2.516E+01 2.516E+01 2.516E+01 2.516E+01
 2.516E+01 2.516E+01 2.516E+01 2.516E+01 2.516E+01 2.516E+01 2.516E+01 2.516E+01
 2.516E+01 2.516E+01 2.516E+01 2.516E+01 2.516E+01 2.516E+01 2.516E+01 2.516E+01
 2.516E+01 2.516E+01
 2.516E+01 2.516E+01 2.516E+01 2.516E+01 2.516E+01 2.516E+01 2.516E+01 2.516E+01
 2.516E+01 2.516E+01 2.516E+01 2.516E+01 2.516E+01 2.516E+01 2.516E+01 2.516E+01
 2.516E+01 2.516E+01 2.516E+01 2.516E+01 2.516E+01 2.516E+01 2.516E+01 2.516E+01
 2.516E+01 2.516E+01
 2.516E+01 2.516E+01 2.516E+01 2.516E+01 2.516E+01 2.516E+01 2.516E+01 2.516E+01
 2.516E+01 2.516E+01 2.516E+01 2.516E+01 2.516E+01 2.516E+01 2.516E+01 2.516E+01
 2.516E+01 2.516E+01 2.516E+01 2.516E+01 2.516E+01 2.516E+01 2.516E+01 2.516E+01
 2.516E+01 2.516E+01
 2.516E+01 2.516E+01 2.516E+01 2.516E+01 2.516E+01 2.516E+01 2.516E+01 2.516E+01
 2.516E+01 2.516E+01 2.516E+01 2.516E+01 2.516E+01 2.516E+01 2.516E+01 2.516E+01
 2.516E+01 2.516E+01 2.516E+01 2.516E+01 2.516E+01 2.516E+01 2.516E+01 2.516E+01
 2.516E+01 2.516E+01
 2.516E+01 2.516E+01 2.516E+01 2.516E+01 2.516E+01 2.516E+01 2.516E+01 2.516E+01
 2.516E+01 2.516E+01 2.516E+01 2.516E+01 2.516E+01 2.516E+01 2.516E+01 2.516E+01
 2.516E+01 2.516E+01 2.516E+01 2.516E+01 2.516E+01 2.516E+01 2.516E+01 2.516E+01
 2.516E+01 2.516E+01
 2.516E+01 2.516E+01 2.516E+01 2.516E+01 2.516E+01 2.516E+01 2.516E+01 2.516E+01
 2.516E+01 2.516E+01 2.516E+01 2.516E+01 2.516E+01 2.516E+01 2.516E+01 2.516E+01
 2.516E+01 2.516E+01 2.516E+01 2.516E+01 2.516E+01 2.516E+01 2.516E+01 2.516E+01
 2.516E+01 2.516E+01
 2.516E+01 2.516E+01 2.516E+01 2.516E+01 2.516E+01 2.516E+01 2.516E+01 2.516E+01
 2.516E+01 2.516E+01 2.516E+01 2.516E+01 2.516E+01 2.516E+01 2.516E+01 2.516E+01
 2.516E+01 2.516E+01 2.516E+01 2.516E+01 2.516E+01 2.516E+01 2.516E+01 2.516E+01
 2.516E+01 2.516E+01
 2.516E+01 2.516E+01 2.516E+01 2.516E+01 2.516E+01 2.516E+01 2.516E+01 2.516E+01
 2.516E+01 2.516E+01 2.516E+01 2.516E+01 2.516E+01 2.516E+01 2.516E+01 2.516E+01
 2.516E+01 2.516E+01 2.516E+01 2.516E+01 2.516E+01 2.516E+01 2.516E+01 2.516E+01
 2.516E+01 2.516E+01
 2.516E+01 2.516E+01 2.516E+01 2.516E+01 2.516E+01 2.516E+01 2.516E+01 2.516E+01
 2.516E+01 2.516E+01 2.516E+01 2.516E+01 2.516E+01 2.516E+01 2.516E+01 2.516E+01
 2.516E+01 2.516E+01 2.516E+01 2.516E+01 2.516E+01 2.516E+01 2.516E+01 2.516E+01
 2.516E+01 2.516E+01
 2.516E+01 2.516E+01 2.516E+01 2.516E+01 2.516E+01 2.516E+01 2.516E+01 2.516E+01
 2.516E+01 2.516E+01 2.516E+01 2.516E+01 2.516E+01 2.516E+01 2.516E+01 2.516E+01
 2.516E+01 2.516E+01 2.516E+01 2.516E+01 2.516E+01 2.516E+01 2.516E+01 2.516E+01
 2.516E+01 2.516E+01
 2.516E+01 2.516E+01 2.516E+01 2.516E+01 2.516E+01 2.516E+01 2.516E+01 2.516E+01
 2.516E+01 2.516E+01 2.516E+01 2.516E+01 2.516E+01 2.516E+01 2.516E+01 2.516E+01
 2.516E+01 2.516E+01 2.516E+01 2.516E+01 2.516E+01 2.516E+01 2.516E+01 2.516E+01
 2.516E+01 2.516E+01
 2.516E+01 2.516E+01 2.516E+01 2.516E+01 2.516E+01 2.516E+01 2.516E+01 2.516E+01
 2.516E+01 2.516E+01 2.516E+01 2.516E+01 2.516E+01 2.516E+01 2.516E+01 2.516E+01
 2.516E+01 2.516E+01 2.516E+01 2.516E+01 2.516E+01 2.516E+01 2.516E+01 2.516E+01
 2.516E+01 2.516E+01
 2.516E+01 2.516E+01 2.516E+01 2.516E+01 2.516E+01 2.516E+01 2.516E+01 2.516E+01
 2.516E+01 2.516E+01 2.516E+01 2.516E+01 2.516E+01 2.516E+01 2.516E+01 2.516E+01
 2.516E+01 2.516E+01 2.516E+01 2.516E+01 2.516E+01 2.516E+01 2.516E+01 2.516E+01
 2.516E+01 2.516E+01
 2.516E+01 2.516E+01 2.516E+01 2.516E+01 2.516E+01 2.516E+01 2.516E+01 2.516E+01
 2.516E+01 2.516E+01 2.516E+01 2.516E+01 2.516E+01 2.516E+01 2.516E+01 2.516E+01
 2.516E+01 2.516E+01 2.516E+01 2.516E+01 2.516E+01 2.516E+01 2.516E+01 2.516E+01
 2.516E+01 2.516E+01
 2.516E+01 2.516E+01 2.516E+01 2.516E+01 2.516E+01 2.516E+01 2.516E+01 2.516E+01
 2.516E+01 2.516E+01 2.516E+01 2.516E+01 2.516E+01 2.516E+01 2.516E+01 2.516E+01
 2.516E+01 2.516E+01 2.516E+01 2.516E+01 2.516E+01 2.516E+01 2.516E+01 2.516E+01
 2.516E+01 2.516E+01
 2.516E+01 2.516E+01 2.516E+01 2.516E+01 2.516E+01 2.516E+01 2.516E+01 2.516E+01
 2.516E+01 2.516E+01 2.516E+01 2.516E+01 2.516E+01 2.516E+01 2.516E+01 2.516E+01
 2.516E+01 2.516E+01 2.516E+01 2.516E+01 2.516E+01 2.516E+01 2.516E+01 2.516E+01
 2.516E+01 2.516E+01
 2.516E+01 2.516E+01 2.516E+01 2.516E+01 2.516E+01 2.516E+01 2.516E+01 2.516E+01
 2.516E+01 2.516E+01 2.516E+01 2.516E+01 2.516E+01 2.516E+01 2.516E+01 2.516E+01
 2.516E+01 2.516E+01 2.516E+01 2.516E+01 2.516E+01 2.516E+01 2.516E+01 2.516E+01
 2.516E+01 2.516E+01
 2.516E+01 2.516E+01 2.516E+01 2.516E+01 2.516E+01 2.516E+01 2.516E+01 2.516E+01
 2.516E+01 2.516E+01 2.516E+01 2.516E+01 2.516E+01 2.516E+01 2.516E+01 2.516E+01
 2.516E+01 2.516E+01 2.516E+01 2.516E+01 2.516E+01 2.516E+01 2.516E+01 2.516E+01
 2.516E+01 2.516E+01
 2.516E+01 2.516E+01 2.516E+01 2.516E+01 2.516E+01 2.516E+01 2.516E+01 2.516E+01
 2.516E+01 2.516E+01 2.516E+01 2.516E+01 2.516E+01 2.516E+01 2.516E+01 2.516E+01
 2.516E+01 2.516E+01 2.516E+01 2.516E+01 2.516E+01 2.516E+01 2.516E+01 2.516E+01
 2.516E+01 2.516E+01
 2.516E+01 2.516E+01 2.516E+01 2.516E+01 2.516E+01 2.516E+01 2.516E+01 2.516E+01
 2.516E+01 2.516E+01 2.516E+01 2.516E+01 2.516E+01 2.516E+01 2.516E+01 2.516E+01
 2.516E+01 2.516E+01 2.516E+01 2.516E+01 2.516E+01 2.516E+01 2.516E+01 2.516E+01
 2.516E+01 2.516E+01
 2.516E+01 2.516E+01 2.516E+01 2.516E+01 2.516E+01 2.516E+01 2.516E+01 2.516E+01
 2.516E+01 2.516E+01 2.516E+01 2.516E+01 2.516E+01 2.516E+01 2.516E+01 2.516E+01
 2.516E+01 2.516E+01 2.516E+01 2.516E+01 2.516E+01 2.516E+01 2.516E+01 2.516E+01
 2.516E+01 2.516E+01
 2.516E+01 2.516E+01 2.516E+01 2.516E+01 2.516E+01 2.516E+01 2.516E+01 2.516E+01
 2.516E+01 2.516E+01 2.516E+01 2.516E+01 2.516E+01 2.516E+01 2.516E+01 2.516E+01
 2.516E+01 2.516E+01 2.516E+01 2.516E+01 2.516E+01 2.516E+01 2.516E+01 2.516E+01
 2.516E+01 2.516E+01
 2.516E+01 2.516E+01 2.516E+01 2.516E+01 2.516E+01 2.516E+01 2.516E+01 2.516E+01
 2.516E+01 2.516E+01 2.516E+01 2.516E+01 2.516E+01 2.516E+01 2.516E+01 2.516E+01
 2.516E+01 2.516E+01 2.516E+01 2.516E+01 2.516E+01 2.516E+01 2.516E+01 2.516E+01
 2.516E+01 2.516E+01
 2.516E+01 2.516E+01 2.516E+01 2.516E+01 2.516E+01 2.516E+01 2.516E+01 2.516E+01
 2.516E+01 2.516E+01 2.516E+01 2.516E+01 2.516E+01 2.516E+01 2.516E+01 2.516E+01
 2.516E+01 2.516E+01 2.516E+01 2.516E+01 2.516E+01 2.516E+01 2.516E+01 2.516E+01
 2.516E+01 2.516E+01
 2.516E+01 2.516E+01 2.516E+01 2.516E+01 2.516E+01 2.516E+01 2.516E+01 2.516E+01
 2.516E+01 2.516E+01 2.516E+01 2.516E+01 2.516E+01 2.516E+01 2.516E+01 2.516E+01
 2.516E+01 2.516E+01 2.516E+01 2.516E+01 2.516E+01 2.516E+01 2.516E+01 2.516E+01
 2.516E+01 2.516E+01
 2.516E+01 2.516E+01 2.516E+01 2.516E+01 2.516E+01 2.516E+01 2.516E+01 2.516E+01
 2.516E+01 2.516E+01 2.516E+01 2.516E+01 2.516E+01 2.516E+01 2.516E+01 2.516E+01
 2.516E+01 2.516E+01 2.516E+01 2.516E+01 2.516E+01 2.516E+01 2.516E+01 2.516E+01
 2.516E+01 2.516E+01
 2.516E+01 2.516E+01 2.516E+01 2.516E+01 2.516E+01 2.516E+01 2.516E+01 2.516E+01
 2.516E+01 2.516E+01 2.516E+01 2.516E+01 2.516E+01 2.516E+01 2.516E+01 2.516E+01
 2.516E+01 2.516E+01 2.516E+01 2.516E+01 2.516E+01 2.516E+01 2.516E+01 2.516E+01
 2.516E+01 2.516E+01
 2.516E+01 2.516E+01 2.516E+01 2.516E+01 2.516E+01 2.516E+01 2.516E+01 2.516E+01
 2.516E+01 2.516E+01 2.516E+01 2.516E+01 2.516E+01 2.516E+01 2.516E+01 2.516E+01
 2.516E+01 2.516E+01 2.516E+01 2.516E+01 2.516E+01 2.516E+01 2.516E+01 2.516E+01
 2.516E+01 2.516E+01
 2.516E+01 2.516E+01 2.516E+01 2.516E+01 2.516E+01 2.516E+01 2.516E+01 2.516E+01
 2.516E+01 2.516E+01 2.516E+01 2.516E+01 2.516E+01 2.516E+01 2.516E+01 2.516E+01
 2.516E+01 2.516E+01 2.516E+01 2.516E+01 2.516E+01 2.516E+01 2.516E+01 2.516E+01
 2.516E+01 2.516E+01
 2.516E+01 2.516E+01 2.516E+01 2.516E+01 2.516E+01 2.516E+01 2.516E+01 2.516E+01
 2.516E+01 2.516E+01 2.516E+01 2.516E+01 2.516E+01 2.516E+01 2.516E+01 2.516E+01
 2.516E+01 2.516E+01 2.516E+01 2.516E+01 2.516E+01 2.516E+01 2.516E+01 2.516E+01
 2.516E+01 2.516E+01
 2.516E+01 2.516E+01 2.516E+01 2.516E+01 2.516E+01 2.516E+01 2.516E+01 2.516E+01
 2.516E+01 2.516E+01 2.516E+01 2.516E+01 2.516E+01 2.516E+01 2.516E+01 2.516E+01
 2.516E+01 2.516E+01 2.516E+01 2.516E+01 2.516E+01 2.516E+01 2.516E+01 2.516E+01
 2.516E+01 2.516E+01
 2.516E+01 2.516E+01 2.516E+01 2.516E+01 2.516E+01 2.516E+01 2.516E+01 2.516E+01
 2.516E+01 2.516E+01 2.516E+01 2.516E+01 2.516E+01 2.516E+01 2.516E+01 2.516E+01
 2.516E+01 2.516E+01 2.516E+01 2.516E+01 2.516E+01 2.516E+01 2.516E+01 2.516E+01
 2.516E+01 2.516E+01
 2.516E+01 2.516E+01 2.516E+01 2.516E+01 2.516E+01 2.516E+01 2.516E+01 2.516E+01
 2.516E+01 2.516E+01 2.516E+01 2.516E+01 2.516E+01 2.516E+01 2.516E+01 2.516E+01
 2.516E+01 2.516E+01 2.516E+01 2.516E+01 2.516E+01 2.516E+01 2.516E+01 2.516E+01
 2.516E+01 2.516E+01
 2.516E+01 2.516E+01 2.516E+01 2.516E+01 2.516E+01 2.516E+01 2.516E+01 2.516E+01
 2.516E+01 2.516E+01 2.516E+01 2.516E+01 2.516E+01 2.516E+01 2.516E+01 2.516E+01
 2.516E+01 2.516E+01 2.516E+01 2.516E+01 2.516E+01 2.516E+01 2.516E+01 2.516E+01
 2.516E+01 2.516E+01
 2.516E+01 2.516E+01 2.516E+01 2.516E+01 2.516E+01 2.516E+01 2.516E+01 2.516E+01
 2.516E+01 2.516E+01 2.516E+01 2.516E+01 2.516E+01 2.516E+01 2.516E+01 2.516E+01
 2.516E+01 2.516E+01 2.516E+01 2.516E+01 2.516E+01 2.516E+01 2.516E+01 2.516E+01
 2.516E+01 2.516E+01
---------------------/ IGRD= 1  / IPRT= 1  /--------/ Z1= 3   / DATE= 01/02/10  
 3.793E+01 3.793E+01 3.793E+01 3.793E+01 3.793E+01 3.793E+01 3.793E+01 3.793E+01
 3.793E+01 3.793E+01 3.793E+01 3.793E+01 3.793E+01 3.793E+01 3.793E+01 3.793E+01
 3.793E+01 3.793E+01 3.793E+01 3.793E+01 3.793E+01 3.793E+01 3.793E+01 3.793E+01
 3.793E+01 3.793E+01
 3.793E+01 3.793E+01 3.793E+01 3.793E+01 3.793E+01 3.793E+01 3.793E+01 3.793E+01
 3.793E+01 3.793E+01 3.793E+01 3.793E+01 3.793E+01 3.793E+01 3.793E+01 3.793E+01
 3.793E+01 3.793E+01 3.793E+01 3.793E+01 3.793E+01 3.793E+01 3.793E+01 3.793E+01
 3.793E+01 3.793E+01
 3.793E+01 3.793E+01 3.793E+01 3.793E+01 3.793E+01 3.793E+01 3.793E+01 3.793E+01
 3.793E+01 3.793E+01 3.793E+01 3.793E+01 3.793E+01 3.793E+01 3.793E+01 3.793E+01
 3.793E+01 3.793E+01 3.793E+01 3.793E+01 3.793E+01 3.793E+01 3.793E+01 3.793E+01
 3.793E+01 3.793E+01
 3.793E+01 3.793E+01 3.793E+01 3.793E+01 3.793E+01 3.793E+01 3.793E+01 3.793E+01
 3.793E+01 3.793E+01 3.793E+01 3.793E+01 3.793E+01 3.793E+01 3.793E+01 3.793E+01
 3.793E+01 3.793E+01 3.793E+01 3.793E+01 3.793E+01 3.793E+01 3.793E+01 3.793E+01
 3.793E+01 3.793E+01
 3.793E+01 3.793E+01 3.793E+01 3.793E+01 3.793E+01 3.793E+01 3.793E+01 3.793E+01
 3.793E+01 3.793E+01 3.793E+01 3.793E+01 3.793E+01 3.793E+01 3.793E+01 3.793E+01
 3.793E+01 3.793E+01 3.793E+01 3.793E+01 3.793E+01 3.793E+01 3.793E+01 3.793E+01
 3.793E+01 3.793E+01
 3.793E+01 3.793E+01 3.793E+01 3.793E+01 3.793E+01 3.793E+01 3.793E+01 3.793E+01
 3.793E+01 3.793E+01 3.793E+01 3.793E+01 3.793E+01 3.793E+01 3.793E+01 3.793E+01
 3.793E+01 3.793E+01 3.793E+01 3.793E+01 3.793E+01 3.793E+01 3.793E+01 3.793E+01
 3.793E+01 3.793E+01
 3.793E+01 3.793E+01 3.793E+01 3.793E+01 3.793E+01 3.793E+01 3.793E+01 3.793E+01
 3.793E+01 3.793E+01 3.793E+01 3.793E+01 3.793E+01 3.793E+01 3.793E+01 3.793E+01
 3.793E+01 3.793E+01 3.793E+01 3.793E+01 3.793E+01 3.793E+01 3.793E+01 3.793E+01
 3.793E+01 3.793E+01
 3.793E+01 3.793E+01 3.793E+01 3.793E+01 3.793E+01 3.793E+01 3.793E+01 3.793E+01
 3.793E+01 3.793E+01 3.793E+01 3.793E+01 3.793E+01 3.793E+01 3.793E+01 3.793E+01
 3.793E+01 3.793E+01 3.793E+01 3.793E+01 3.793E+01 3.793E+01 3.793E+01 3.793E+01
 3.793E+01 3.793E+01
 3.793E+01 3.793E+01 3.793E+01 3.793E+01 3.793E+01 3.793E+01 3.793E+01 3.793E+01
 3.793E+01 3.793E+01 3.793E+01 3.793E+01 3.793E+01 3.793E+01 3.793E+01 3.793E+01
 3.793E+01 3.793E+01 3.793E+01 3.793E+01 3.793E+01 3.793E+01 3.793E+01 3.793E+01
 3.793E+01 3.793E+01
 3.793E+01 3.793E+01 3.793E+01 3.793E+01 3.793E+01 3.793E+01 3.793E+01 3.793E+01
 3.793E+01 3.793E+01 3.793E+01 3.793E+01 3.793E+01 3.793E+01 3.793E+01 3.793E+01
 3.793E+01 3.793E+01 3.793E+01 3.793E+01 3.793E+01 3.793E+01 3.793E+01 3.793E+01
 3.793E+01 3.793E+01
 3.793E+01 3.793E+01 3.793E+01 3.793E+01 3.793E+01 3.793E+01 3.793E+01 3.793E+01
 3.793E+01 3.793E+01 3.793E+01 3.793E+01 3.793E+01 3.793E+01 3.793E+01 3.793E+01
 3.793E+01 3.793E+01 3.793E+01 3.793E+01 3.793E+01 3.793E+01 3.793E+01 3.793E+01
 3.793E+01 3.793E+01
 3.793E+01 3.793E+01 3.793E+01 3.793E+01 3.793E+01 3.793E+01 3.793E+01 3.793E+01
 3.793E+01 3.793E+01 3.793E+01 3.793E+01 3.793E+01 3.793E+01 3.793E+01 3.793E+01
 3.793E+01 3.793E+01 3.793E+01 3.793E+01 3.793E+01 3.793E+01 3.793E+01 3.793E+01
 3.793E+01 3.793E+01
 3.793E+01 3.793E+01 3.793E+01 3.793E+01 3.793E+01 3.793E+01 3.793E+01 3.793E+01
 3.793E+01 3.793E+01 3.793E+01 3.793E+01 3.793E+01 3.793E+01 3.793E+01 3.793E+01
 3.793E+01 3.793E+01 3.793E+01 3.793E+01 3.793E+01 3.793E+01 3.793E+01 3.793E+01
 3.793E+01 3.793E+01
 3.793E+01 3.793E+01 3.793E+01 3.793E+01 3.793E+01 3.793E+01 3.793E+01 3.793E+01
 3.793E+01 3.793E+01 3.793E+01 3.793E+01 3.793E+01 3.793E+01 3.793E+01 3.793E+01
 3.793E+01 3.793E+01 3.793E+01 3.793E+01 3.793E+01 3.793E+01 3.793E+01 3.793E+01
 3.793E+01 3.793E+01
 3.793E+01 3.793E+01 3.793E+01 3.793E+01 3.793E+01 3.793E+01 3.793E+01 3.793E+01
 3.793E+01 3.793E+01 3.793E+01 3.793E+01 3.793E+01 3.793E+01 3.793E+01 3.793E+01
 3.793E+01 3.793E+01 3.793E+01 3.793E+01 3.793E+01 3.793E+01 3.793E+01 3.793E+01
 3.793E+01 3.793E+01
 3.793E+01 3.793E+01 3.793E+01 3.793E+01 3.793E+01 3.793E+01 3.793E+01 3.793E+01
 3.793E+01 3.793E+01 3.793E+01 3.793E+01 3.793E+01 3.793E+01 3.793E+01 3.793E+01
 3.793E+01 3.793E+01 3.793E+01 3.793E+01 3.793E+01 3.793E+01 3.793E+01 3.793E+01
 3.793E+01 3.793E+01
 3.793E+01 3.793E+01 3.793E+01 3.793E+01 3.793E+01 3.793E+01 3.793E+01 3.793E+01
 3.793E+01 3.793E+01 3.793E+01 3.793E+01 3.793E+01 3.793E+01 3.793E+01 3.793E+01
 3.793E+01 3.793E+01 3.793E+01 3.793E+01 3.793E+01 3.793E+01 3.793E+01 3.793E+01
 3.793E+01 3.793E+01
 3.793E+01 3.793E+01 3.793E+01 3.793E+01 3.793E+01 3.793E+01 3.793E+01 3.793E+01
 3.793E+01 3.793E+01 3.793E+01 3.793E+01 3.793E+01 3.793E+01 3.793E+01 3.793E+01
 3.793E+01 3.793E+01 3.793E+01 3.793E+01 3.793E+01 3.793E+01 3.793E+01 3.793E+01
 3.793E+01 3.793E+01
 3.793E+01 3.793E+01 3.793E+01 3.793E+01 3.793E+01 3.793E+01 3.793E+01 3.793E+01
 3.793E+01 3.793E+01 3.793E+01 3.793E+01 3.793E+01 3.793E+01 3.793E+01 3.793E+01
 3.793E+01 3.793E+01 3.793E+01 3.793E+01 3.793E+01 3.793E+01 3.793E+01 3.793E+01
 3.793E+01 3.793E+01
 3.793E+01 3.793E+01 3.793E+01 3.793E+01 3.793E+01 3.793E+01 3.793E+01 3.793E+01
 3.793E+01 3.793E+01 3.793E+01 3.793E+01 3.793E+01 3.793E+01 3.793E+01 3.793E+01
 3.793E+01 3.793E+01 3.793E+01 3.793E+01 3.793E+01 3.793E+01 3.793E+01 3.793E+01
 3.793E+01 3.793E+01
 3.793E+01 3.793E+01 3.793E+01 3.793E+01 3.793E+01 3.793E+01 3.793E+01 3.793E+01
 3.793E+01 3.793E+01 3.793E+01 3.793E+01 3.793E+01 3.793E+01 3.793E+01 3.793E+01
 3.793E+01 3.793E+01 3.793E+01 3.793E+01 3.793E+01 3.793E+01 3.793E+01 3.793E+01
 3.793E+01 3.793E+01
 3.793E+01 3.793E+01 3.793E+01 3.793E+01 3.793E+01 3.793E+01 3.793E+01 3.793E+01
 3.793E+01 3.793E+01 3.793E+01 3.793E+01 3.793E+01 3.793E+01 3.793E+01 3.793E+01
 3.793E+01 3.793E+01 3.793E+01 3.793E+01 3.793E+01 3.793E+01 3.793E+01 3.793E+01
 3.793E+01 3.793E+01
 3.793E+01 3.793E+01 3.793E+01 3.793E+01 3.793E+01 3.793E+01 3.793E+01 3.793E+01
 3.793E+01 3.793E+01 3.793E+01 3.793E+01 3.793E+01 3.793E+01 3.793E+01 3.793E+01
 3.793E+01 3.793E+01 3.793E+01 3.793E+01 3.793E+01 3.793E+01 3.793E+01 3.793E+01
 3.793E+01 3.793E+01
 3.793E+01 3.793E+01 3.793E+01 3.793E+01 3.793E+01 3.793E+01 3.793E+01 3.793E+01
 3.793E+01 3.793E+01 3.793E+01 3.793E+01 3.793E+01 3.793E+01 3.793E+01 3.793E+01
 3.793E+01 3.793E+01 3.793E+01 3.793E+01 3.793E+01 3.793E+01 3.793E+01 3.793E+01
 3.793E+01 3.793E+01
 3.793E+01 3.793E+01 3.793E+01 3.793E+01 3.793E+01 3.793E+01 3.793E+01 3.793E+01
 3.793E+01 3.793E+01 3.793E+01 3.793E+01 3.793E+01 3.793E+01 3.793E+01 3.793E+01
 3.793E+01 3.793E+01 3.793E+01 3.793E+01 3.793E+01 3.793E+01 3.793E+01 3.793E+01
 3.793E+01 3.793E+01
 3.793E+01 3.793E+01 3.793E+01 3.793E+01 3.793E+01 3.793E+01 3.793E+01 3.793E+01
 3.793E+01 3.793E+01 3.793E+01 3.793E+01 3.793E+01 3.793E+01 3.793E+01 3.793E+01
 3.793E+01 3.793E+01 3.793E+01 3.793E+01 3.793E+01 3.793E+01 3.793E+01 3.793E+01
 3.793E+01 3.793E+01
 3.793E+01 3.793E+01 3.793E+01 3.793E+01 3.793E+01 3.793E+01 3.793E+01 3.793E+01
 3.793E+01 3.793E+01 3.793E+01 3.793E+01 3.793E+01 3.793E+01 3.793E+01 3.793E+01
 3.793E+01 3.793E+01 3.793E+01 3.793E+01 3.793E+01 3.793E+01 3.793E+01 3.793E+01
 3.793E+01 3.793E+01
 3.793E+01 3.793E+01 3.793E+01 3.793E+01 3.793E+01 3.793E+01 3.793E+01 3.793E+01
 3.793E+01 3.793E+01 3.793E+01 3.793E+01 3.793E+01 3.793E+01 3.793E+01 3.793E+01
 3.793E+01 3.793E+01 3.793E+01 3.793E+01 3.793E+01 3.793E+01 3.793E+01 3.793E+01
 3.793E+01 3.793E+01
 3.793E+01 3.793E+01 3.793E+01 3.793E+01 3.793E+01 3.793E+01 3.793E+01 3.793E+01
 3.793E+01 3.793E+01 3.793E+01 3.793E+01 3.793E+01 3.793E+01 3.793E+01 3.793E+01
 3.793E+01 3.793E+01 3.793E+01 3.793E+01 3.793E+01 3.793E+01 3.793E+01 3.793E+01
 3.793E+01 3.793E+01
 3.793E+01 3.793E+01 3.793E+01 3.793E+01 3.793E+01 3.793E+01 3.793E+01 3.793E+01
 3.793E+01 3.793E+01 3.793E+01 3.793E+01 3.793E+01 3.793E+01 3.793E+01 3.793E+01
 3.793E+01 3.793E+01 3.793E+01 3.793E+01 3.793E+01 3.793E+01 3.793E+01 3.793E+01
 3.793E+01 3.793E+01
 3.793E+01 3.793E+01 3.793E+01 3.793E+01 3.793E+01 3.793E+01 3.793E+01 3.793E+01
 3.793E+01 3.793E+01 3.793E+01 3.793E+01 3.793E+01 3.793E+01 3.793E+01 3.793E+01
 3.793E+01 3.793E+01 3.793E+01 3.793E+01 3.793E+01 3.793E+01 3.793E+01 3.793E+01
 3.793E+01 3.793E+01
 3.793E+01 3.793E+01 3.793E+01 3.793E+01 3.793E+01 3.793E+01 3.793E+01 3.793E+01
 3.793E+01 3.793E+01 3.793E+01 3.793E+01 3.793E+01 3.793E+01 3.793E+01 3.793E+01
 3.793E+01 3.793E+01 3.793E+01 3.793E+01 3.793E+01 3.793E+01 3.793E+01 3.793E+01
 3.793E+01 3.793E+01
 3.793E+01 3.793E+01 3.793E+01 3.793E+01 3.793E+01 3.793E+01 3.793E+01 3.793E+01
 3.793E+01 3.793E+01 3.793E+01 3.793E+01 3.793E+01 3.793E+01 3.793E+01 3.793E+01
 3.793E+01 3.793E+01 3.793E+01 3.793E+01 3.793E+01 3.793E+01 3.793E+01 3.793E+01
 3.793E+01 3.793E+01
 3.793E+01 3.793E+01 3.793E+01 3.793E+01 3.793E+01 3.793E+01 3.793E+01 3.793E+01
 3.793E+01 3.793E+01 3.793E+01 3.793E+01 3.793E+01 3.793E+01 3.793E+01 3.793E+01
 3.793E+01 3.793E+01 3.793E+01 3.793E+01 3.793E+01 3.793E+01 3.793E+01 3.793E+01
 3.793E+01 3.793E+01
 3.793E+01 3.793E+01 3.793E+01 3.793E+01 3.793E+01 3.793E+01 3.793E+01 3.793E+01
 3.793E+01 3.793E+01 3.793E+01 3.793E+01 3.793E+01 3.793E+01 3.793E+01 3.793E+01
 3.793E+01 3.793E+01 3.793E+01 3.793E+01 3.793E+01 3.793E+01 3.793E+01 3.793E+01
 3.793E+01 3.793E+01
 3.793E+01 3.793E+01 3.793E+01 3.793E+01 3.793E+01 3.793E+01 3.793E+01 3.793E+01
 3.793E+01 3.793E+01 3.793E+01 3.793E+01 3.793E+01 3.793E+01 3.793E+01 3.793E+01
 3.793E+01 3.793E+01 3.793E+01 3.793E+01 3.793E+01 3.793E+01 3.793E+01 3.793E+01
 3.793E+01 3.793E+01
 3.793E+01 3.793E+01 3.793E+01 3.793E+01 3.793E+01 3.793E+01 3.793E+01 3.793E+01
 3.793E+01 3.793E+01 3.793E+01 3.793E+01 3.793E+01 3.793E+01 3.793E+01 3.793E+01
 3.793E+01 3.793E+01 3.793E+01 3.793E+01 3.793E+01 3.793E+01 3.793E+01 3.793E+01
 3.793E+01 3.793E+01
 3.793E+01 3.793E+01 3.793E+01 3.793E+01 3.793E+01 3.793E+01 3.793E+01 3.793E+01
 3.793E+01 3.793E+01 3.793E+01 3.793E+01 3.793E+01 3.793E+01 3.793E+01 3.793E+01
 3.793E+01 3.793E+01 3.793E+01 3.793E+01 3.793E+01 3.793E+01 3.793E+01 3.793E+01
 3.793E+01 3.793E+01
 3.793E+01 3.793E+01 3.793E+01 3.793E+01 3.793E+01 3.793E+01 3.793E+01 3.793E+01
 3.793E+01 3.793E+01 3.793E+01 3.793E+01 3.793E+01 3.793E+01 3.793E+01 3.793E+01
 3.793E+01 3.793E+01 3.793E+01 3.793E+01 3.793E+01 3.793E+01 3.793E+01 3.793E+01
 3.793E+01 3.793E+01
 3.793E+01 3.793E+01 3.793E+01 3.793E+01 3.793E+01 3.793E+01 3.793E+01 3.793E+01
 3.793E+01 3.793E+01 3.793E+01 3.793E+01 3.793E+01 3.793E+01 3.793E+01 3.793E+01
 3.793E+01 3.793E+01 3.793E+01 3.793E+01 3.793E+01 3.793E+01 3.793E+01 3.793E+01
 3.793E+01 3.793E+01
 3.793E+01 3.793E+01 3.793E+01 3.793E+01 3.793E+01 3.793E+01 3.793E+01 3.793E+01
 3.793E+01 3.793E+01 3.793E+01 3.793E+01 3.793E+01 3.793E+01 3.793E+01 3.793E+01
 3.793E+01 3.793E+01 3.793E+01 3.793E+01 3.793E+01 3.793E+01 3.793E+01 3.793E+01
 3.793E+01 3.793E+01
 3.793E+01 3.793E+01 3.793E+01 3.793E+01 3.793E+01 3.793E+01 3.793E+01 3.793E+01
 3.793E+01 3.793E+01 3.793E+01 3.793E+01 3.793E+01 3.793E+01 3.793E+01 3.793E+01
 3.793E+01 3.793E+01 3.793E+01 3.793E+01 3.793E+01 3.793E+01 3.793E+01 3.793E+01
 3.793E+01 3.793E+01
 3.793E+01 3.793E+01 3.793E+01 3.793E+01 3.793E+01 3.793E+01 3.793E+01 3.793E+01
 3.793E+01 3.793E+01 3.793E+01 3.793E+01 3.793E+01 3.793E+01 3.793E+01 3.793E+01
 3.793E+01 3.793E+01 3.793E+01 3.793E+01 3.793E+01 3.793E+01 3.793E+01 3.793E+01
 3.793E+01 3.793E+01
 3.793E+01 3.793E+01 3.793E+01 3.793E+01 3.793E+01 3.793E+01 3.793E+01 3.793E+01
 3.793E+01 3.793E+01 3.793E+01 3.793E+01 3.793E+01 3.793E+01 3.793E+01 3.793E+01
 3.793E+01 3.793E+01 3.793E+01 3.793E+01 3.793E+01 3.793E+01 3.793E+01 3.793E+01
 3.793E+01 3.793E+01
 3.793E+01 3.793E+01 3.793E+01 3.793E+01 3.793E+01 3.793E+01 3.793E+01 3.793E+01
 3.793E+01 3.793E+01 3.793E+01 3.793E+01 3.793E+01 3.793E+01 3.793E+01 3.793E+01
 3.793E+01 3.793E+01 3.793E+01 3.793E+01 3.793E+01 3.793E+01 3.793E+01 3.793E+01
 3.793E+01 3.793E+01
 3.793E+01 3.793E+01 3.793E+01 3.793E+01 3.793E+01 3.793E+01 3.793E+01 3.793E+01
 3.793E+01 3.793E+01 3.793E+01 3.793E+01 3.793E+01 3.793E+01 3.793E+01 3.793E+01
 3.793E+01 3.793E+01 3.793E+01 3.793E+01 3.793E+01 3.793E+01 3.793E+01 3.793E+01
 3.793E+01 3.793E+01
 3.793E+01 3.793E+01 3.793E+01 3.793E+01 3.793E+01 3.793E+01 3.793E+01 3.793E+01
 3.793E+01 3.793E+01 3.793E+01 3.793E+01 3.793E+01 3.793E+01 3.793E+01 3.793E+01
 3.793E+01 3.793E+01 3.793E+01 3.793E+01 3.793E+01 3.793E+01 3.793E+01 3.793E+01
 3.793E+01 3.793E+01
 3.793E+01 3.793E+01 3.793E+01 3.793E+01 3.793E+01 3.793E+01 3.793E+01 3.793E+01
 3.793E+01 3.793E+01 3.793E+01 3.793E+01 3.793E+01 3.793E+01 3.793E+01 3.793E+01
 3.793E+01 3.793E+01 3.793E+01 3.793E+01 3.793E+01 3.793E+01 3.793E+01 3.793E+01
 3.793E+01 3.793E+01
---------------------/ IGRD= 1  / IPRT= 1  /--------/ Z1= 4   / DATE= 01/02/10  
 2.594E+02 2.594E+02 2.594E+02 2.594E+02 2.594E+02 2.594E+02 2.594E+02 2.594E+02
 2.594E+02 2.594E+02 2.594E+02 2.594E+02 2.594E+02 2.594E+02 2.594E+02 2.594E+02
 2.594E+02 2.594E+02 2.594E+02 2.594E+02 2.594E+02 2.594E+02 2.594E+02 2.594E+02
 2.594E+02 2.594E+02
 2.594E+02 2.594E+02 2.594E+02 2.594E+02 2.594E+02 2.594E+02 2.594E+02 2.594E+02
 2.594E+02 2.594E+02 2.594E+02 2.594E+02 2.594E+02 2.594E+02 2.594E+02 2.594E+02
 2.594E+02 2.594E+02 2.594E+02 2.594E+02 2.594E+02 2.594E+02 2.594E+02 2.594E+02
 2.594E+02 2.594E+02
 2.594E+02 2.594E+02 2.594E+02 2.594E+02 2.594E+02 2.594E+02 2.594E+02 2.594E+02
 2.594E+02 2.594E+02 2.594E+02 2.594E+02 2.594E+02 2.594E+02 2.594E+02 2.594E+02
 2.594E+02 2.594E+02 2.594E+02 2.594E+02 2.594E+02 2.594E+02 2.594E+02 2.594E+02
 2.594E+02 2.594E+02
 2.594E+02 2.594E+02 2.594E+02 2.594E+02 2.594E+02 2.594E+02 2.594E+02 2.594E+02
 2.594E+02 2.594E+02 2.594E+02 2.594E+02 2.594E+02 2.594E+02 2.594E+02 2.594E+02
 2.594E+02 2.594E+02 2.594E+02 2.594E+02 2.594E+02 2.594E+02 2.594E+02 2.594E+02
 2.594E+02 2.594E+02
 2.594E+02 2.594E+02 2.594E+02 2.594E+02 2.594E+02 2.594E+02 2.594E+02 2.594E+02
 2.594E+02 2.594E+02 2.594E+02 2.594E+02 2.594E+02 2.594E+02 2.594E+02 2.594E+02
 2.594E+02 2.594E+02 2.594E+02 2.594E+02 2.594E+02 2.594E+02 2.594E+02 2.594E+02
 2.594E+02 2.594E+02
 2.594E+02 2.594E+02 2.594E+02 2.594E+02 2.594E+02 2.594E+02 2.594E+02 2.594E+02
 2.594E+02 2.594E+02 2.594E+02 2.594E+02 2.594E+02 2.594E+02 2.594E+02 2.594E+02
 2.594E+02 2.594E+02 2.594E+02 2.594E+02 2.594E+02 2.594E+02 2.594E+02 2.594E+02
 2.594E+02 2.594E+02
 2.594E+02 2.594E+02 2.594E+02 2.594E+02 2.594E+02 2.594E+02 2.594E+02 2.594E+02
 2.594E+02 2.594E+02 2.594E+02 2.594E+02 2.594E+02 2.594E+02 2.594E+02 2.594E+02
 2.594E+02 2.594E+02 2.594E+02 2.594E+02 2.594E+02 2.594E+02 2.594E+02 2.594E+02
 2.594E+02 2.594E+02
 2.594E+02 2.594E+02 2.594E+02 2.594E+02 2.594E+02 2.594E+02 2.594E+02 2.594E+02
 2.594E+02 2.594E+02 2.594E+02 2.594E+02 2.594E+02 2.594E+02 2.594E+02 2.594E+02
 2.594E+02 2.594E+02 2.594E+02 2.594E+02 2.594E+02 2.594E+02 2.594E+02 2.594E+02
 2.594E+02 2.594E+02
 2.594E+02 2.594E+02 2.594E+02 2.594E+02 2.594E+02 2.594E+02 2.594E+02 2.594E+02
 2.594E+02 2.594E+02 2.594E+02 2.594E+02 2.594E+02 2.594E+02 2.594E+02 2.594E+02
 2.594E+02 2.594E+02 2.594E+02 2.594E+02 2.594E+02 2.594E+02 2.594E+02 2.594E+02
 2.594E+02 2.594E+02
 2.594E+02 2.594E+02 2.594E+02 2.594E+02 2.594E+02 2.594E+02 2.594E+02 2.594E+02
 2.594E+02 2.594E+02 2.594E+02 2.594E+02 2.594E+02 2.594E+02 2.594E+02 2.594E+02
 2.594E+02 2.594E+02 2.594E+02 2.594E+02 2.594E+02 2.594E+02 2.594E+02 2.594E+02
 2.594E+02 2.594E+02
 2.594E+02 2.594E+02 2.594E+02 2.594E+02 2.594E+02 2.594E+02 2.594E+02 2.594E+02
 2.594E+02 2.594E+02 2.594E+02 2.594E+02 2.594E+02 2.594E+02 2.594E+02 2.594E+02
 2.594E+02 2.594E+02 2.594E+02 2.594E+02 2.594E+02 2.594E+02 2.594E+02 2.594E+02
 2.594E+02 2.594E+02
 2.594E+02 2.594E+02 2.594E+02 2.594E+02 2.594E+02 2.594E+02 2.594E+02 2.594E+02
 2.594E+02 2.594E+02 2.594E+02 2.594E+02 2.594E+02 2.594E+02 2.594E+02 2.594E+02
 2.594E+02 2.594E+02 2.594E+02 2.594E+02 2.594E+02 2.594E+02 2.594E+02 2.594E+02
 2.594E+02 2.594E+02
 2.594E+02 2.594E+02 2.594E+02 2.594E+02 2.594E+02 2.594E+02 2.594E+02 2.594E+02
 2.594E+02 2.594E+02 2.594E+02 2.594E+02 2.594E+02 2.594E+02 2.594E+02 2.594E+02
 2.594E+02 2.594E+02 2.594E+02 2.594E+02 2.594E+02 2.594E+02 2.594E+02 2.594E+02
 2.594E+02 2.594E+02
 2.594E+02 2.594E+02 2.594E+02 2.594E+02 2.594E+02 2.594E+02 2.594E+02 2.594E+02
 2.594E+02 2.594E+02 2.594E+02 2.594E+02 2.594E+02 2.594E+02 2.594E+02 2.594E+02
 2.594E+02 2.594E+02 2.594E+02 2.594E+02 2.594E+02 2.594E+02 2.594E+02 2.594E+02
 2.594E+02 2.594E+02
 2.594E+02 2.594E+02 2.594E+02 2.594E+02 2.594E+02 2.594E+02 2.594E+02 2.594E+02
 2.594E+02 2.594E+02 2.594E+02 2.594E+02 2.594E+02 2.594E+02 2.594E+02 2.594E+02
 2.594E+02 2.594E+02 2.594E+02 2.594E+02 2.594E+02 2.594E+02 2.594E+02 2.594E+02
 2.594E+02 2.594E+02
 2.594E+02 2.594E+02 2.594E+02 2.594E+02 2.594E+02 2.594E+02 2.594E+02 2.594E+02
 2.594E+02 2.594E+02 2.594E+02 2.594E+02 2.594E+02 2.594E+02 2.594E+02 2.594E+02
 2.594E+02 2.594E+02 2.594E+02 2.594E+02 2.594E+02 2.594E+02 2.594E+02 2.594E+02
 2.594E+02 2.594E+02
 2.594E+02 2.594E+02 2.594E+02 2.594E+02 2.594E+02 2.594E+02 2.594E+02 2.594E+02
 2.594E+02 2.594E+02 2.594E+02 2.594E+02 2.594E+02 2.594E+02 2.594E+02 2.594E+02
 2.594E+02 2.594E+02 2.594E+02 2.594E+02 2.594E+02 2.594E+02 2.594E+02 2.594E+02
 2.594E+02 2.594E+02
 2.594E+02 2.594E+02 2.594E+02 2.594E+02 2.594E+02 2.594E+02 2.594E+02 2.594E+02
 2.594E+02 2.594E+02 2.594E+02 2.594E+02 2.594E+02 2.594E+02 2.594E+02 2.594E+02
 2.594E+02 2.594E+02 2.594E+02 2.594E+02 2.594E+02 2.594E+02 2.594E+02 2.594E+02
 2.594E+02 2.594E+02
 2.594E+02 2.594E+02 2.594E+02 2.594E+02 2.594E+02 2.594E+02 2.594E+02 2.594E+02
 2.594E+02 2.594E+02 2.594E+02 2.594E+02 2.594E+02 2.594E+02 2.594E+02 2.594E+02
 2.594E+02 2.594E+02 2.594E+02 2.594E+02 2.594E+02 2.594E+02 2.594E+02 2.594E+02
 2.594E+02 2.594E+02
 2.594E+02 2.594E+02 2.594E+02 2.594E+02 2.594E+02 2.594E+02 2.594E+02 2.594E+02
 2.594E+02 2.594E+02 2.594E+02 2.594E+02 2.594E+02 2.594E+02 2.594E+02 2.594E+02
 2.594E+02 2.594E+02 2.594E+02 2.594E+02 2.594E+02 2.594E+02 2.594E+02 2.594E+02
 2.594E+02 2.594E+02
 2.594E+02 2.594E+02 2.594E+02 2.594E+02 2.594E+02 2.594E+02 2.594E+02 2.594E+02
 2.594E+02 2.594E+02 2.594E+02 2.594E+02 2.594E+02 2.594E+02 2.594E+02 2.594E+02
 2.594E+02 2.594E+02 2.594E+02 2.594E+02 2.594E+02 2.594E+02 2.594E+02 2.594E+02
 2.594E+02 2.594E+02
 2.594E+02 2.594E+02 2.594E+02 2.594E+02 2.594E+02 2.594E+02 2.594E+02 2.594E+02
 2.594E+02 2.594E+02 2.594E+02 2.594E+02 2.594E+02 2.594E+02 2.594E+02 2.594E+02
 2.594E+02 2.594E+02 2.594E+02 2.594E+02 2.594E+02 2.594E+02 2.594E+02 2.594E+02
 2.594E+02 2.594E+02
 2.594E+02 2.594E+02 2.594E+02 2.594E+02 2.594E+02 2.594E+02 2.594E+02 2.594E+02
 2.594E+02 2.594E+02 2.594E+02 2.594E+02 2.594E+02 2.594E+02 2.594E+02 2.594E+02
 2.594E+02 2.594E+02 2.594E+02 2.594E+02 2.594E+02 2.594E+02 2.594E+02 2.594E+02
 2.594E+02 2.594E+02
 2.594E+02 2.594E+02 2.594E+02 2.594E+02 2.594E+02 2.594E+02 2.594E+02 2.594E+02
 2.594E+02 2.594E+02 2.594E+02 2.594E+02 2.594E+02 2.594E+02 2.594E+02 2.594E+02
 2.594E+02 2.594E+02 2.594E+02 2.594E+02 2.594E+02 2.594E+02 2.594E+02 2.594E+02
 2.594E+02 2.594E+02
 2.594E+02 2.594E+02 2.594E+02 2.594E+02 2.594E+02 2.594E+02 2.594E+02 2.594E+02
 2.594E+02 2.594E+02 2.594E+02 2.594E+02 2.594E+02 2.594E+02 2.594E+02 2.594E+02
 2.594E+02 2.594E+02 2.594E+02 2.594E+02 2.594E+02 2.594E+02 2.594E+02 2.594E+02
 2.594E+02 2.594E+02
 2.594E+02 2.594E+02 2.594E+02 2.594E+02 2.594E+02 2.594E+02 2.594E+02 2.594E+02
 2.594E+02 2.594E+02 2.594E+02 2.594E+02 2.594E+02 2.594E+02 2.594E+02 2.594E+02
 2.594E+02 2.594E+02 2.594E+02 2.594E+02 2.594E+02 2.594E+02 2.594E+02 2.594E+02
 2.594E+02 2.594E+02
 2.594E+02 2.594E+02 2.594E+02 2.594E+02 2.594E+02 2.594E+02 2.594E+02 2.594E+02
 2.594E+02 2.594E+02 2.594E+02 2.594E+02 2.594E+02 2.594E+02 2.594E+02 2.594E+02
 2.594E+02 2.594E+02 2.594E+02 2.594E+02 2.594E+02 2.594E+02 2.594E+02 2.594E+02
 2.594E+02 2.594E+02
 2.594E+02 2.594E+02 2.594E+02 2.594E+02 2.594E+02 2.594E+02 2.594E+02 2.594E+02
 2.594E+02 2.594E+02 2.594E+02 2.594E+02 2.594E+02 2.594E+02 2.594E+02 2.594E+02
 2.594E+02 2.594E+02 2.594E+02 2.594E+02 2.594E+02 2.594E+02 2.594E+02 2.594E+02
 2.594E+02 2.594E+02
 2.594E+02 2.594E+02 2.594E+02 2.594E+02 2.594E+02 2.594E+02 2.594E+02 2.594E+02
 2.594E+02 2.594E+02 2.594E+02 2.594E+02 2.594E+02 2.594E+02 2.594E+02 2.594E+02
 2.594E+02 2.594E+02 2.594E+02 2.594E+02 2.594E+02 2.594E+02 2.594E+02 2.594E+02
 2.594E+02 2.594E+02
 2.594E+02 2.594E+02 2.594E+02 2.594E+02 2.594E+02 2.594E+02 2.594E+02 2.594E+02
 2.594E+02 2.594E+02 2.594E+02 2.594E+02 2.594E+02 2.594E+02 2.594E+02 2.594E+02
 2.594E+02 2.594E+02 2.594E+02 2.594E+02 2.594E+02 2.594E+02 2.594E+02 2.594E+02
 2.594E+02 2.594E+02
 2.594E+02 2.594E+02 2.594E+02 2.594E+02 2.594E+02 2.594E+02 2.594E+02 2.594E+02
 2.594E+02 2.594E+02 2.594E+02 2.594E+02 2.594E+02 2.594E+02 2.594E+02 2.594E+02
 2.594E+02 2.594E+02 2.594E+02 2.594E+02 2.594E+02 2.594E+02 2.594E+02 2.594E+02
 2.594E+02 2.594E+02
 2.594E+02 2.594E+02 2.594E+02 2.594E+02 2.594E+02 2.594E+02 2.594E+02 2.594E+02
 2.594E+02 2.594E+02 2.594E+02 2.594E+02 2.594E+02 2.594E+02 2.594E+02 2.594E+02
 2.594E+02 2.594E+02 2.594E+02 2.594E+02 2.594E+02 2.594E+02 2.594E+02 2.594E+02
 2.594E+02 2.594E+02
 2.594E+02 2.594E+02 2.594E+02 2.594E+02 2.594E+02 2.594E+02 2.594E+02 2.594E+02
 2.594E+02 2.594E+02 2.594E+02 2.594E+02 2.594E+02 2.594E+02 2.594E+02 2.594E+02
 2.594E+02 2.594E+02 2.594E+02 2.594E+02 2.594E+02 2.594E+02 2.594E+02 2.594E+02
 2.594E+02 2.594E+02
 2.594E+02 2.594E+02 2.594E+02 2.594E+02 2.594E+02 2.594E+02 2.594E+02 2.594E+02
 2.594E+02 2.594E+02 2.594E+02 2.594E+02 2.594E+02 2.594E+02 2.594E+02 2.594E+02
 2.594E+02 2.594E+02 2.594E+02 2.594E+02 2.594E+02 2.594E+02 2.594E+02 2.594E+02
 2.594E+02 2.594E+02
 2.594E+02 2.594E+02 2.594E+02 2.594E+02 2.594E+02 2.594E+02 2.594E+02 2.594E+02
 2.594E+02 2.594E+02 2.594E+02 2.594E+02 2.594E+02 2.594E+02 2.594E+02 2.594E+02
 2.594E+02 2.594E+02 2.594E+02 2.594E+02 2.594E+02 2.594E+02 2.594E+02 2.594E+02
 2.594E+02 2.594E+02
 2.594E+02 2.594E+02 2.594E+02 2.594E+02 2.594E+02 2.594E+02 2.594E+02 2.594E+02
 2.594E+02 2.594E+02 2.594E+02 2.594E+02 2.594E+02 2.594E+02 2.594E+02 2.594E+02
 2.594E+02 2.594E+02 2.594E+02 2.594E+02 2.594E+02 2.594E+02 2.594E+02 2.594E+02
 2.594E+02 2.594E+02
 2.594E+02 2.594E+02 2.594E+02 2.594E+02 2.594E+02 2.594E+02 2.594E+02 2.594E+02
 2.594E+02 2.594E+02 2.594E+02 2.594E+02 2.594E+02 2.594E+02 2.594E+02 2.594E+02
 2.594E+02 2.594E+02 2.594E+02 2.594E+02 2.594E+02 2.594E+02 2.594E+02 2.594E+02
 2.594E+02 2.594E+02
 2.594E+02 2.594E+02 2.594E+02 2.594E+02 2.594E+02 2.594E+02 2.594E+02 2.594E+02
 2.594E+02 2.594E+02 2.594E+02 2.594E+02 2.594E+02 2.594E+02 2.594E+02 2.594E+02
 2.594E+02 2.594E+02 2.594E+02 2.594E+02 2.594E+02 2.594E+02 2.594E+02 2.594E+02
 2.594E+02 2.594E+02
 2.594E+02 2.594E+02 2.594E+02 2.594E+02 2.594E+02 2.594E+02 2.594E+02 2.594E+02
 2.594E+02 2.594E+02 2.594E+02 2.594E+02 2.594E+02 2.594E+02 2.594E+02 2.594E+02
 2.594E+02 2.594E+02 2.594E+02 2.594E+02 2.594E+02 2.594E+02 2.594E+02 2.594E+02
 2.594E+02 2.594E+02
 2.594E+02 2.594E+02 2.594E+02 2.594E+02 2.594E+02 2.594E+02 2.594E+02 2.594E+02
 2.594E+02 2.594E+02 2.594E+02 2.594E+02 2.594E+02 2.594E+02 2.594E+02 2.594E+02
 2.594E+02 2.594E+02 2.594E+02 2.594E+02 2.594E+02 2.594E+02 2.594E+02 2.594E+02
 2.594E+02 2.594E+02
 2.594E+02 2.594E+02 2.594E+02 2.594E+02 2.594E+02 2.594E+02 2.594E+02 2.594E+02
 2.594E+02 2.594E+02 2.594E+02 2.594E+02 2.594E+02 2.594E+02 2.594E+02 2.594E+02
 2.594E+02 2.594E+02 2.594E+02 2.594E+02 2.594E+02 2.594E+02 2.594E+02 2.594E+02
 2.594E+02 2.594E+02
 2.594E+02 2.594E+02 2.594E+02 2.594E+02 2.594E+02 2.594E+02 2.594E+02 2.594E+02
 2.594E+02 2.594E+02 2.594E+02 2.594E+02 2.594E+02 2.594E+02 2.594E+02 2.594E+02
 2.594E+02 2.594E+02 2.594E+02 2.594E+02 2.594E+02 2.594E+02 2.594E+02 2.594E+02
 2.594E+02 2.594E+02
 2.594E+02 2.594E+02 2.594E+02 2.594E+02 2.594E+02 2.594E+02 2.594E+02 2.594E+02
 2.594E+02 2.594E+02 2.594E+02 2.594E+02 2.594E+02 2.594E+02 2.594E+02 2.594E+02
 2.594E+02 2.594E+02 2.594E+02 2.594E+02 2.594E+02 2.594E+02 2.594E+02 2.594E+02
 2.594E+02 2.594E+02
 2.594E+02 2.594E+02 2.594E+02 2.594E+02 2.594E+02 2.594E+02 2.594E+02 2.594E+02
 2.594E+02 2.594E+02 2.594E+02 2.594E+02 2.594E+02 2.594E+02 2.594E+02 2.594E+02
 2.594E+02 2.594E+02 2.594E+02 2.594E+02 2.594E+02 2.594E+02 2.594E+02 2.594E+02
 2.594E+02 2.594E+02
 2.594E+02 2.594E+02 2.594E+02 2.594E+02 2.594E+02 2.594E+02 2.594E+02 2.594E+02
 2.594E+02 2.594E+02 2.594E+02 2.594E+02 2.594E+02 2.594E+02 2.594E+02 2.594E+02
 2.594E+02 2.594E+02 2.594E+02 2.594E+02 2.594E+02 2.594E+02 2.594E+02 2.594E+02
 2.594E+02 2.594E+02
 2.594E+02 2.594E+02 2.594E+02 2.594E+02 2.594E+02 2.594E+02 2.594E+02 2.594E+02
 2.594E+02 2.594E+02 2.594E+02 2.594E+02 2.594E+02 2.594E+02 2.594E+02 2.594E+02
 2.594E+02 2.594E+02 2.594E+02 2.594E+02 2.594E+02 2.594E+02 2.594E+02 2.594E+02
 2.594E+02 2.594E+02
 2.594E+02 2.594E+02 2.594E+02 2.594E+02 2.594E+02 2.594E+02 2.594E+02 2.594E+02
 2.594E+02 2.594E+02 2.594E+02 2.594E+02 2.594E+02 2.594E+02 2.594E+02 2.594E+02
 2.594E+02 2.594E+02 2.594E+02 2.594E+02 2.594E+02 2.594E+02 2.594E+02 2.594E+02
 2.594E+02 2.594E+02
 2.594E+02 2.594E+02 2.594E+02 2.594E+02 2.594E+02 2.594E+02 2.594E+02 2.594E+02
 2.594E+02 2.594E+02 2.594E+02 2.594E+02 2.594E+02 2.594E+02 2.594E+02 2.594E+02
 2.594E+02 2.594E+02 2.594E+02 2.594E+02 2.594E+02 2.594E+02 2.594E+02 2.594E+02
 2.594E+02 2.594E+02
---------------------/ IGRD= 1  / IPRT= 1  /--------/ Z1= 5   / DATE= 01/02/10  
 3.402E+02 3.402E+02 3.402E+02 3.402E+02 3.402E+02 3.402E+02 3.402E+02 3.402E+02
 3.402E+02 3.402E+02 3.402E+02 3.402E+02 3.402E+02 3.402E+02 3.402E+02 3.402E+02
 3.402E+02 3.402E+02 3.402E+02 3.402E+02 3.402E+02 3.402E+02 3.402E+02 3.402E+02
 3.402E+02 3.402E+02
 3.402E+02 3.402E+02 3.402E+02 3.402E+02 3.402E+02 3.402E+02 3.402E+02 3.402E+02
 3.402E+02 3.402E+02 3.402E+02 3.402E+02 3.402E+02 3.402E+02 3.402E+02 3.402E+02
 3.402E+02 3.402E+02 3.402E+02 3.402E+02 3.402E+02 3.402E+02 3.402E+02 3.402E+02
 3.402E+02 3.402E+02
 3.402E+02 3.402E+02 3.402E+02 3.402E+02 3.402E+02 3.402E+02 3.402E+02 3.402E+02
 3.402E+02 3.402E+02 3.402E+02 3.402E+02 3.402E+02 3.402E+02 3.402E+02 3.402E+02
 3.402E+02 3.402E+02 3.402E+02 3.402E+02 3.402E+02 3.402E+02 3.402E+02 3.402E+02
 3.402E+02 3.402E+02
 3.402E+02 3.402E+02 3.402E+02 3.402E+02 3.402E+02 3.402E+02 3.402E+02 3.402E+02
 3.402E+02 3.402E+02 3.402E+02 3.402E+02 3.402E+02 3.402E+02 3.402E+02 3.402E+02
 3.402E+02 3.402E+02 3.402E+02 3.402E+02 3.402E+02 3.402E+02 3.402E+02 3.402E+02
 3.402E+02 3.402E+02
 3.402E+02 3.402E+02 3.402E+02 3.402E+02 3.402E+02 3.402E+02 3.402E+02 3.402E+02
 3.402E+02 3.402E+02 3.402E+02 3.402E+02 3.402E+02 3.402E+02 3.402E+02 3.402E+02
 3.402E+02 3.402E+02 3.402E+02 3.402E+02 3.402E+02 3.402E+02 3.402E+02 3.402E+02
 3.402E+02 3.402E+02
 3.402E+02 3.402E+02 3.402E+02 3.402E+02 3.402E+02 3.402E+02 3.402E+02 3.402E+02
 3.402E+02 3.402E+02 3.402E+02 3.402E+02 3.402E+02 3.402E+02 3.402E+02 3.402E+02
 3.402E+02 3.402E+02 3.402E+02 3.402E+02 3.402E+02 3.402E+02 3.402E+02 3.402E+02
 3.402E+02 3.402E+02
 3.402E+02 3.402E+02 3.402E+02 3.402E+02 3.402E+02 3.402E+02 3.402E+02 3.402E+02
 3.402E+02 3.402E+02 3.402E+02 3.402E+02 3.402E+02 3.402E+02 3.402E+02 3.402E+02
 3.402E+02 3.402E+02 3.402E+02 3.402E+02 3.402E+02 3.402E+02 3.402E+02 3.402E+02
 3.402E+02 3.402E+02
 3.402E+02 3.402E+02 3.402E+02 3.402E+02 3.402E+02 3.402E+02 3.402E+02 3.402E+02
 3.402E+02 3.402E+02 3.402E+02 3.402E+02 3.402E+02 3.402E+02 3.402E+02 3.402E+02
 3.402E+02 3.402E+02 3.402E+02 3.402E+02 3.402E+02 3.402E+02 3.402E+02 3.402E+02
 3.402E+02 3.402E+02
 3.402E+02 3.402E+02 3.402E+02 3.402E+02 3.402E+02 3.402E+02 3.402E+02 3.402E+02
 3.402E+02 3.402E+02 3.402E+02 3.402E+02 3.402E+02 3.402E+02 3.402E+02 3.402E+02
 3.402E+02 3.402E+02 3.402E+02 3.402E+02 3.402E+02 3.402E+02 3.402E+02 3.402E+02
 3.402E+02 3.402E+02
 3.402E+02 3.402E+02 3.402E+02 3.402E+02 3.402E+02 3.402E+02 3.402E+02 3.402E+02
 3.402E+02 3.402E+02 3.402E+02 3.402E+02 3.402E+02 3.402E+02 3.402E+02 3.402E+02
 3.402E+02 3.402E+02 3.402E+02 3.402E+02 3.402E+02 3.402E+02 3.402E+02 3.402E+02
 3.402E+02 3.402E+02
 3.402E+02 3.402E+02 3.402E+02 3.402E+02 3.402E+02 3.402E+02 3.402E+02 3.402E+02
 3.402E+02 3.402E+02 3.402E+02 3.402E+02 3.402E+02 3.402E+02 3.402E+02 3.402E+02
 3.402E+02 3.402E+02 3.402E+02 3.402E+02 3.402E+02 3.402E+02 3.402E+02 3.402E+02
 3.402E+02 3.402E+02
 3.402E+02 3.402E+02 3.402E+02 3.402E+02 3.402E+02 3.402E+02 3.402E+02 3.402E+02
 3.402E+02 3.402E+02 3.402E+02 3.402E+02 3.402E+02 3.402E+02 3.402E+02 3.402E+02
 3.402E+02 3.402E+02 3.402E+02 3.402E+02 3.402E+02 3.402E+02 3.402E+02 3.402E+02
 3.402E+02 3.402E+02
 3.402E+02 3.402E+02 3.402E+02 3.402E+02 3.402E+02 3.402E+02 3.402E+02 3.402E+02
 3.402E+02 3.402E+02 3.402E+02 3.402E+02 3.402E+02 3.402E+02 3.402E+02 3.402E+02
 3.402E+02 3.402E+02 3.402E+02 3.402E+02 3.402E+02 3.402E+02 3.402E+02 3.402E+02
 3.402E+02 3.402E+02
 3.402E+02 3.402E+02 3.402E+02 3.402E+02 3.402E+02 3.402E+02 3.402E+02 3.402E+02
 3.402E+02 3.402E+02 3.402E+02 3.402E+02 3.402E+02 3.402E+02 3.402E+02 3.402E+02
 3.402E+02 3.402E+02 3.402E+02 3.402E+02 3.402E+02 3.402E+02 3.402E+02 3.402E+02
 3.402E+02 3.402E+02
 3.402E+02 3.402E+02 3.402E+02 3.402E+02 3.402E+02 3.402E+02 3.402E+02 3.402E+02
 3.402E+02 3.402E+02 3.402E+02 3.402E+02 3.402E+02 3.402E+02 3.402E+02 3.402E+02
 3.402E+02 3.402E+02 3.402E+02 3.402E+02 3.402E+02 3.402E+02 3.402E+02 3.402E+02
 3.402E+02 3.402E+02
 3.402E+02 3.402E+02 3.402E+02 3.402E+02 3.402E+02 3.402E+02 3.402E+02 3.402E+02
 3.402E+02 3.402E+02 3.402E+02 3.402E+02 3.402E+02 3.402E+02 3.402E+02 3.402E+02
 3.402E+02 3.402E+02 3.402E+02 3.402E+02 3.402E+02 3.402E+02 3.402E+02 3.402E+02
 3.402E+02 3.402E+02
 3.402E+02 3.402E+02 3.402E+02 3.402E+02 3.402E+02 3.402E+02 3.402E+02 3.402E+02
 3.402E+02 3.402E+02 3.402E+02 3.402E+02 3.402E+02 3.402E+02 3.402E+02 3.402E+02
 3.402E+02 3.402E+02 3.402E+02 3.402E+02 3.402E+02 3.402E+02 3.402E+02 3.402E+02
 3.402E+02 3.402E+02
 3.402E+02 3.402E+02 3.402E+02 3.402E+02 3.402E+02 3.402E+02 3.402E+02 3.402E+02
 3.402E+02 3.402E+02 3.402E+02 3.402E+02 3.402E+02 3.402E+02 3.402E+02 3.402E+02
 3.402E+02 3.402E+02 3.402E+02 3.402E+02 3.402E+02 3.402E+02 3.402E+02 3.402E+02
 3.402E+02 3.402E+02
 3.402E+02 3.402E+02 3.402E+02 3.402E+02 3.402E+02 3.402E+02 3.402E+02 3.402E+02
 3.402E+02 3.402E+02 3.402E+02 3.402E+02 3.402E+02 3.402E+02 3.402E+02 3.402E+02
 3.402E+02 3.402E+02 3.402E+02 3.402E+02 3.402E+02 3.402E+02 3.402E+02 3.402E+02
 3.402E+02 3.402E+02
 3.402E+02 3.402E+02 3.402E+02 3.402E+02 3.402E+02 3.402E+02 3.402E+02 3.402E+02
 3.402E+02 3.402E+02 3.402E+02 3.402E+02 3.402E+02 3.402E+02 3.402E+02 3.402E+02
 3.402E+02 3.402E+02 3.402E+02 3.402E+02 3.402E+02 3.402E+02 3.402E+02 3.402E+02
 3.402E+02 3.402E+02
 3.402E+02 3.402E+02 3.402E+02 3.402E+02 3.402E+02 3.402E+02 3.402E+02 3.402E+02
 3.402E+02 3.402E+02 3.402E+02 3.402E+02 3.402E+02 3.402E+02 3.402E+02 3.402E+02
 3.402E+02 3.402E+02 3.402E+02 3.402E+02 3.402E+02 3.402E+02 3.402E+02 3.402E+02
 3.402E+02 3.402E+02
 3.402E+02 3.402E+02 3.402E+02 3.402E+02 3.402E+02 3.402E+02 3.402E+02 3.402E+02
 3.402E+02 3.402E+02 3.402E+02 3.402E+02 3.402E+02 3.402E+02 3.402E+02 3.402E+02
 3.402E+02 3.402E+02 3.402E+02 3.402E+02 3.402E+02 3.402E+02 3.402E+02 3.402E+02
 3.402E+02 3.402E+02
 3.402E+02 3.402E+02 3.402E+02 3.402E+02 3.402E+02 3.402E+02 3.402E+02 3.402E+02
 3.402E+02 3.402E+02 3.402E+02 3.402E+02 3.402E+02 3.402E+02 3.402E+02 3.402E+02
 3.402E+02 3.402E+02 3.402E+02 3.402E+02 3.402E+02 3.402E+02 3.402E+02 3.402E+02
 3.402E+02 3.402E+02
 3.402E+02 3.402E+02 3.402E+02 3.402E+02 3.402E+02 3.402E+02 3.402E+02 3.402E+02
 3.402E+02 3.402E+02 3.402E+02 3.402E+02 3.402E+02 3.402E+02 3.402E+02 3.402E+02
 3.402E+02 3.402E+02 3.402E+02 3.402E+02 3.402E+02 3.402E+02 3.402E+02 3.402E+02
 3.402E+02 3.402E+02
 3.402E+02 3.402E+02 3.402E+02 3.402E+02 3.402E+02 3.402E+02 3.402E+02 3.402E+02
 3.402E+02 3.402E+02 3.402E+02 3.402E+02 3.402E+02 3.402E+02 3.402E+02 3.402E+02
 3.402E+02 3.402E+02 3.402E+02 3.402E+02 3.402E+02 3.402E+02 3.402E+02 3.402E+02
 3.402E+02 3.402E+02
 3.402E+02 3.402E+02 3.402E+02 3.402E+02 3.402E+02 3.402E+02 3.402E+02 3.402E+02
 3.402E+02 3.402E+02 3.402E+02 3.402E+02 3.402E+02 3.402E+02 3.402E+02 3.402E+02
 3.402E+02 3.402E+02 3.402E+02 3.402E+02 3.402E+02 3.402E+02 3.402E+02 3.402E+02
 3.402E+02 3.402E+02
 3.402E+02 3.402E+02 3.402E+02 3.402E+02 3.402E+02 3.402E+02 3.402E+02 3.402E+02
 3.402E+02 3.402E+02 3.402E+02 3.402E+02 3.402E+02 3.402E+02 3.402E+02 3.402E+02
 3.402E+02 3.402E+02 3.402E+02 3.402E+02 3.402E+02 3.402E+02 3.402E+02 3.402E+02
 3.402E+02 3.402E+02
 3.402E+02 3.402E+02 3.402E+02 3.402E+02 3.402E+02 3.402E+02 3.402E+02 3.402E+02
 3.402E+02 3.402E+02 3.402E+02 3.402E+02 3.402E+02 3.402E+02 3.402E+02 3.402E+02
 3.402E+02 3.402E+02 3.402E+02 3.402E+02 3.402E+02 3.402E+02 3.402E+02 3.402E+02
 3.402E+02 3.402E+02
 3.402E+02 3.402E+02 3.402E+02 3.402E+02 3.402E+02 3.402E+02 3.402E+02 3.402E+02
 3.402E+02 3.402E+02 3.402E+02 3.402E+02 3.402E+02 3.402E+02 3.402E+02 3.402E+02
 3.402E+02 3.402E+02 3.402E+02 3.402E+02 3.402E+02 3.402E+02 3.402E+02 3.402E+02
 3.402E+02 3.402E+02
 3.402E+02 3.402E+02 3.402E+02 3.402E+02 3.402E+02 3.402E+02 3.402E+02 3.402E+02
 3.402E+02 3.402E+02 3.402E+02 3.402E+02 3.402E+02 3.402E+02 3.402E+02 3.402E+02
 3.402E+02 3.402E+02 3.402E+02 3.402E+02 3.402E+02 3.402E+02 3.402E+02 3.402E+02
 3.402E+02 3.402E+02
 3.402E+02 3.402E+02 3.402E+02 3.402E+02 3.402E+02 3.402E+02 3.402E+02 3.402E+02
 3.402E+02 3.402E+02 3.402E+02 3.402E+02 3.402E+02 3.402E+02 3.402E+02 3.402E+02
 3.402E+02 3.402E+02 3.402E+02 3.402E+02 3.402E+02 3.402E+02 3.402E+02 3.402E+02
 3.402E+02 3.402E+02
 3.402E+02 3.402E+02 3.402E+02 3.402E+02 3.402E+02 3.402E+02 3.402E+02 3.402E+02
 3.402E+02 3.402E+02 3.402E+02 3.402E+02 3.402E+02 3.402E+02 3.402E+02 3.402E+02
 3.402E+02 3.402E+02 3.402E+02 3.402E+02 3.402E+02 3.402E+02 3.402E+02 3.402E+02
 3.402E+02 3.402E+02
 3.402E+02 3.402E+02 3.402E+02 3.402E+02 3.402E+02 3.402E+02 3.402E+02 3.402E+02
 3.402E+02 3.402E+02 3.402E+02 3.402E+02 3.402E+02 3.402E+02 3.402E+02 3.402E+02
 3.402E+02 3.402E+02 3.402E+02 3.402E+02 3.402E+02 3.402E+02 3.402E+02 3.402E+02
 3.402E+02 3.402E+02
 3.402E+02 3.402E+02 3.402E+02 3.402E+02 3.402E+02 3.402E+02 3.402E+02 3.402E+02
 3.402E+02 3.402E+02 3.402E+02 3.402E+02 3.402E+02 3.402E+02 3.402E+02 3.402E+02
 3.402E+02 3.402E+02 3.402E+02 3.402E+02 3.402E+02 3.402E+02 3.402E+02 3.402E+02
 3.402E+02 3.402E+02
 3.402E+02 3.402E+02 3.402E+02 3.402E+02 3.402E+02 3.402E+02 3.402E+02 3.402E+02
 3.402E+02 3.402E+02 3.402E+02 3.402E+02 3.402E+02 3.402E+02 3.402E+02 3.402E+02
 3.402E+02 3.402E+02 3.402E+02 3.402E+02 3.402E+02 3.402E+02 3.402E+02 3.402E+02
 3.402E+02 3.402E+02
 3.402E+02 3.402E+02 3.402E+02 3.402E+02 3.402E+02 3.402E+02 3.402E+02 3.402E+02
 3.402E+02 3.402E+02 3.402E+02 3.402E+02 3.402E+02 3.402E+02 3.402E+02 3.402E+02
 3.402E+02 3.402E+02 3.402E+02 3.402E+02 3.402E+02 3.402E+02 3.402E+02 3.402E+02
 3.402E+02 3.402E+02
 3.402E+02 3.402E+02 3.402E+02 3.402E+02 3.402E+02 3.402E+02 3.402E+02 3.402E+02
 3.402E+02 3.402E+02 3.402E+02 3.402E+02 3.402E+02 3.402E+02 3.402E+02 3.402E+02
 3.402E+02 3.402E+02 3.402E+02 3.402E+02 3.402E+02 3.402E+02 3.402E+02 3.402E+02
 3.402E+02 3.402E+02
 3.402E+02 3.402E+02 3.402E+02 3.402E+02 3.402E+02 3.402E+02 3.402E+02 3.402E+02
 3.402E+02 3.402E+02 3.402E+02 3.402E+02 3.402E+02 3.402E+02 3.402E+02 3.402E+02
 3.402E+02 3.402E+02 3.402E+02 3.402E+02 3.402E+02 3.402E+02 3.402E+02 3.402E+02
 3.402E+02 3.402E+02
 3.402E+02 3.402E+02 3.402E+02 3.402E+02 3.402E+02 3.402E+02 3.402E+02 3.402E+02
 3.402E+02 3.402E+02 3.402E+02 3.402E+02 3.402E+02 3.402E+02 3.402E+02 3.402E+02
 3.402E+02 3.402E+02 3.402E+02 3.402E+02 3.402E+02 3.402E+02 3.402E+02 3.402E+02
 3.402E+02 3.402E+02
 3.402E+02 3.402E+02 3.402E+02 3.402E+02 3.402E+02 3.402E+02 3.402E+02 3.402E+02
 3.402E+02 3.402E+02 3.402E+02 3.402E+02 3.402E+02 3.402E+02 3.402E+02 3.402E+02
 3.402E+02 3.402E+02 3.402E+02 3.402E+02 3.402E+02 3.402E+02 3.402E+02 3.402E+02
 3.402E+02 3.402E+02
 3.402E+02 3.402E+02 3.402E+02 3.402E+02 3.402E+02 3.402E+02 3.402E+02 3.402E+02
 3.402E+02 3.402E+02 3.402E+02 3.402E+02 3.402E+02 3.402E+02 3.402E+02 3.402E+02
 3.402E+02 3.402E+02 3.402E+02 3.402E+02 3.402E+02 3.402E+02 3.402E+02 3.402E+02
 3.402E+02 3.402E+02
 3.402E+02 3.402E+02 3.402E+02 3.402E+02 3.402E+02 3.402E+02 3.402E+02 3.402E+02
 3.402E+02 3.402E+02 3.402E+02 3.402E+02 3.402E+02 3.402E+02 3.402E+02 3.402E+02
 3.402E+02 3.402E+02 3.402E+02 3.402E+02 3.402E+02 3.402E+02 3.402E+02 3.402E+02
 3.402E+02 3.402E+02
 3.402E+02 3.402E+02 3.402E+02 3.402E+02 3.402E+02 3.402E+02 3.402E+02 3.402E+02
 3.402E+02 3.402E+02 3.402E+02 3.402E+02 3.402E+02 3.402E+02 3.402E+02 3.402E+02
 3.402E+02 3.402E+02 3.402E+02 3.402E+02 3.402E+02 3.402E+02 3.402E+02 3.402E+02
 3.402E+02 3.402E+02
 3.402E+02 3.402E+02 3.402E+02 3.402E+02 3.402E+02 3.402E+02 3.402E+02 3.402E+02
 3.402E+02 3.402E+02 3.402E+02 3.402E+02 3.402E+02 3.402E+02 3.402E+02 3.402E+02
 3.402E+02 3.402E+02 3.402E+02 3.402E+02 3.402E+02 3.402E+02 3.402E+02 3.402E+02
 3.402E+02 3.402E+02
 3.402E+02 3.402E+02 3.402E+02 3.402E+02 3.402E+02 3.402E+02 3.402E+02 3.402E+02
 3.402E+02 3.402E+02 3.402E+02 3.402E+02 3.402E+02 3.402E+02 3.402E+02 3.402E+02
 3.402E+02 3.402E+02 3.402E+02 3.402E+02 3.402E+02 3.402E+02 3.402E+02 3.402E+02
 3.402E+02 3.402E+02
 3.402E+02 3.402E+02 3.402E+02 3.402E+02 3.402E+02 3.402E+02 3.402E+02 3.402E+02
 3.402E+02 3.402E+02 3.402E+02 3.402E+02 3.402E+02 3.402E+02 3.402E+02 3.402E+02
 3.402E+02 3.402E+02 3.402E+02 3.402E+02 3.402E+02 3.402E+02 3.402E+02 3.402E+02
 3.402E+02 3.402E+02
 3.402E+02 3.402E+02 3.402E+02 3.402E+02 3.402E+02 3.402E+02 3.402E+02 3.402E+02
 3.402E+02 3.402E+02 3.402E+02 3.402E+02 3.402E+02 3.402E+02 3.402E+02 3.402E+02
 3.402E+02 3.402E+02 3.402E+02 3.402E+02 3.402E+02 3.402E+02 3.402E+02 3.402E+02
 3.402E+02 3.402E+02
 3.402E+02 3.402E+02 3.402E+02 3.402E+02 3.402E+02 3.402E+02 3.402E+02 3.402E+02
 3.402E+02 3.402E+02 3.402E+02 3.402E+02 3.402E+02 3.402E+02 3.402E+02 3.402E+02
 3.402E+02 3.402E+02 3.402E+02 3.402E+02 3.402E+02 3.402E+02 3.402E+02 3.402E+02
 3.402E+02 3.402E+02
C-------------------------------------------------------------------------------
C
C    Rate coefficients : adf11 class ecd
C    Units             : eV          
C    Status            : special generation
C    Parent dataset    : none
C    Reference dataset : /home/mog/adas_dev/adas/adf00/b.dat
C
C    Code              : adas408   
C    Producer          : Martin O'Mullane
C    Date              : 01/02/10
C

C-------------------------------------------------------------------------------

C-----------------------------------------------------------------------
C                               OPEN-ADAS
C                               +++++++++
C
C This file has been downloaded from OPEN-ADAS (http://open.adas.ac.uk)
C on 31-Mar-2026.
C
C TERMS AND CONDITIONS
C --------------------
C
C The user of the OPEN-ADAS system and data (hereinafter "the User")
C accepts the following terms and conditions:
C
C   1. The University of Strathclyde uses all reasonable endeavours to
C      ensure the accuracy of the data provided and any information
C      given, but the University makes no warranty, expressed or implied
C      as to its accuracy, integrity, fitness for purpose and shall not
C      be responsible for the use to which the data is put by the User
C      and/or any consequences arising out of any inaccuracies or
C      omissions.
C
C   2. Any downloaded OPEN-ADAS file is made available for the
C      personal use of the User only.  It must not be used for any
C      commercial application, incorporated into any web site or in
C      any form re-distributed without express prior written permission
C      from the ADAS Project. In particular, but not by way of
C      limitation, it must not be:
C        *  inserted into a managed database structure,
C        *  redistributed along with a modelling or analysis code,
C        *  made available on a public website.
C
C Permission for OPEN-ADAS data incorporation in non-commercial
C code/system development for scientific advance will not be
C unreasonably withheld, but will be subject to written agreement
C on a case by case basis.
C
C The User will indemnify the University of Strathclyde and keep it
C fully and effectively indemnified against each and every claim made
C against the University as a result of the User's use of the data.
C
C-----------------------------------------------------------------------
